cofactor_id,Bar.count.ALA,Bar.count.ARG,Bar.count.ASN,Bar.count.ASP,Bar.count.CYS,Bar.count.GLN,Bar.count.GLU,Bar.count.GLY,Bar.count.HIS,Bar.count.ILE,Bar.count.LEU,Bar.count.LYS,Bar.count.MET,Bar.count.PHE,Bar.count.PRO,Bar.count.SER,Bar.count.THR,Bar.count.TRP,Bar.count.TYR,Bar.count.VAL,Protein.count.ALA,Protein.count.ARG,Protein.count.ASN,Protein.count.ASP,Protein.count.CYS,Protein.count.GLN,Protein.count.GLU,Protein.count.GLY,Protein.count.HIS,Protein.count.ILE,Protein.count.LEU,Protein.count.LYS,Protein.count.MET,Protein.count.PHE,Protein.count.PRO,Protein.count.SER,Protein.count.THR,Protein.count.TRP,Protein.count.TYR,Protein.count.VAL,Bar.prop.Volume,Bar.prop.Log(Solubility (m at 20ºC)),Bar.prop.Hydrophobicity,Bar.prop.Isoelectric point,Bar.prop.P(helix),Bar.prop.nOats in side chain,Bar.prop.nSats in side chain,Bar.prop.nNats in side chain,Bar.prop.Steric hindrance,Bar.prop.nH-bonds,Bar.prop.Vol / log(solub),Bar.prop.Vol / P(helix),Bar.prop.Vol / P(sheet),Bar.prop.log(Solub) x Flex,Bar.prop.Steric hindrance x Flexibility,Bar.prop.Flexibility,Bar.prop.P(helix)+P(sheet),Bar.prop.log(Solub) x Hydrophobicity,Bar.prop.Hydrophobicity x Flex.,Bar.prop.V / (P(helix)+P(sheet)),Bar.prop.Steric hindrance / P(helix),Bar.prop.Isoelectric point / P(sheet),Bar.prop.P(sheet),Bar.prop.Vol x isoelectric point,Bar.prop.Isoelectric point / P(helix),Bar.prop.P(helix) / P(sheet),Bar.prop.Steric hindrance / P(sheet),Bar.prop.P(helix) x Flex.,Protein.prop.Volume,Protein.prop.Log(Solubility (m at 20ºC)),Protein.prop.Hydrophobicity,Protein.prop.Isoelectric point,Protein.prop.P(helix),Protein.prop.nOats in side chain,Protein.prop.nSats in side chain,Protein.prop.nNats in side chain,Protein.prop.Steric hindrance,Protein.prop.nH-bonds,Protein.prop.Vol / log(solub),Protein.prop.Vol / P(helix),Protein.prop.Vol / P(sheet),Protein.prop.log(Solub) x Flex,Protein.prop.Steric hindrance x Flexibility,Protein.prop.Flexibility,Protein.prop.P(helix)+P(sheet),Protein.prop.log(Solub) x Hydrophobicity,Protein.prop.Hydrophobicity x Flex.,Protein.prop.V / (P(helix)+P(sheet)),Protein.prop.Steric hindrance / P(helix),Protein.prop.Isoelectric point / P(sheet),Protein.prop.P(sheet),Protein.prop.Vol x isoelectric point,Protein.prop.Isoelectric point / P(helix),Protein.prop.P(helix) / P(sheet),Protein.prop.Steric hindrance / P(sheet),Protein.prop.P(helix) x Flex.,Bar.mean.Volume,Bar.mean.Log(Solubility (m at 20ºC)),Bar.mean.Hydrophobicity,Bar.mean.Isoelectric point,Bar.mean.P(helix),Bar.mean.nOats in side chain,Bar.mean.nSats in side chain,Bar.mean.nNats in side chain,Bar.mean.Steric hindrance,Bar.mean.nH-bonds,Bar.mean.Vol / log(solub),Bar.mean.Vol / P(helix),Bar.mean.Vol / P(sheet),Bar.mean.log(Solub) x Flex,Bar.mean.Steric hindrance x Flexibility,Bar.mean.Flexibility,Bar.mean.P(helix)+P(sheet),Bar.mean.log(Solub) x Hydrophobicity,Bar.mean.Hydrophobicity x Flex.,Bar.mean.V / (P(helix)+P(sheet)),Bar.mean.Steric hindrance / P(helix),Bar.mean.Isoelectric point / P(sheet),Bar.mean.P(sheet),Bar.mean.Vol x isoelectric point,Bar.mean.Isoelectric point / P(helix),Bar.mean.P(helix) / P(sheet),Bar.mean.Steric hindrance / P(sheet),Bar.mean.P(helix) x Flex.,Protein.mean.Volume,Protein.mean.Log(Solubility (m at 20ºC)),Protein.mean.Hydrophobicity,Protein.mean.Isoelectric point,Protein.mean.P(helix),Protein.mean.nOats in side chain,Protein.mean.nSats in side chain,Protein.mean.nNats in side chain,Protein.mean.Steric hindrance,Protein.mean.nH-bonds,Protein.mean.Vol / log(solub),Protein.mean.Vol / P(helix),Protein.mean.Vol / P(sheet),Protein.mean.log(Solub) x Flex,Protein.mean.Steric hindrance x Flexibility,Protein.mean.Flexibility,Protein.mean.P(helix)+P(sheet),Protein.mean.log(Solub) x Hydrophobicity,Protein.mean.Hydrophobicity x Flex.,Protein.mean.V / (P(helix)+P(sheet)),Protein.mean.Steric hindrance / P(helix),Protein.mean.Isoelectric point / P(sheet),Protein.mean.P(sheet),Protein.mean.Vol x isoelectric point,Protein.mean.Isoelectric point / P(helix),Protein.mean.P(helix) / P(sheet),Protein.mean.Steric hindrance / P(sheet),Protein.mean.P(helix) x Flex.,struct.burial_depth,struct.iron_count,struct.is_rieske,struct.is_hipip,seq.CTDC__PolarizabilityC1,seq.CTDC__PolarizabilityC2,seq.CTDC__PolarizabilityC3,seq.CTDC__SolventAccessibilityC1,seq.CTDC__SolventAccessibilityC2,seq.CTDC__SolventAccessibilityC3,seq.CTDC__SecondaryStrC1,seq.CTDC__SecondaryStrC2,seq.CTDC__SecondaryStrC3,seq.CTDC__ChargeC1,seq.CTDC__ChargeC2,seq.CTDC__ChargeC3,seq.CTDC__PolarityC1,seq.CTDC__PolarityC2,seq.CTDC__PolarityC3,seq.CTDC__NormalizedVDWVC1,seq.CTDC__NormalizedVDWVC2,seq.CTDC__NormalizedVDWVC3,seq.CTDC__HydrophobicityC1,seq.CTDC__HydrophobicityC2,seq.CTDC__HydrophobicityC3,seq.CTDT__PolarizabilityT12,seq.CTDT__PolarizabilityT13,seq.CTDT__PolarizabilityT23,seq.CTDT__SolventAccessibilityT12,seq.CTDT__SolventAccessibilityT13,seq.CTDT__SolventAccessibilityT23,seq.CTDT__SecondaryStrT12,seq.CTDT__SecondaryStrT13,seq.CTDT__SecondaryStrT23,seq.CTDT__ChargeT12,seq.CTDT__ChargeT13,seq.CTDT__ChargeT23,seq.CTDT__PolarityT12,seq.CTDT__PolarityT13,seq.CTDT__PolarityT23,seq.CTDT__NormalizedVDWVT12,seq.CTDT__NormalizedVDWVT13,seq.CTDT__NormalizedVDWVT23,seq.CTDT__HydrophobicityT12,seq.CTDT__HydrophobicityT13,seq.CTDT__HydrophobicityT23,pH,Em
P0A3C7_FES,3,1,0,0,4,1,0,1,0,0,1,0,0,2,1,2,2,0,0,1,9,1,1,11,4,5,10,6,2,5,7,4,1,3,3,6,8,0,5,8,2286.5,-2.4974060795124178,13.52,118.99,5.0,5,4,4,38.31,36,107.1780481994598,9603.808901338312,7318.770205303826,-31.036120208764416,482.141,305.1,11.160000000000002,-7.615981063585839,216.17,3890.713579786768,163.9524719289426,401.11062569478577,6.159999999999999,14503.945000000002,523.4992087433267,17.24908745072565,114.92568106235775,72.90100000000001,12807.3,-49.02718285138692,33.730000000000004,552.0699999999999,28.57,67,5,17,211.5,208,-12402.21872619533,47485.37723884876,44990.75008657288,-461.30854565019473,2009.21,1299.4,58.31,-16.152503625387535,226.786,21834.927774512544,793.9667699603457,1978.0965853767807,29.74,72468.895,2198.686767919044,106.43069491723718,675.7363382532258,337.649,120.34210526315788,-0.1314424252374956,0.7115789473684211,6.262631578947369,0.2631578947368421,0.2631578947368421,0.2105263157894736,0.2105263157894736,2.0163157894736843,1.894736842105263,5.640949905234726,505.46362638622696,385.19843185809606,-1.6334800109876009,25.37584210526316,16.057894736842105,0.5873684210526317,-0.400841108609781,11.377368421052632,204.77439893614567,8.629077469944347,21.11108556288346,0.3242105263157894,763.3655263157896,27.5525899338593,0.907846707932929,6.048720055913567,3.836894736842106,129.36666666666665,-0.4952240692059285,0.3407070707070707,5.576464646464646,0.2885858585858585,0.6767676767676768,0.0505050505050505,0.1717171717171717,2.136363636363636,2.101010101010101,-125.27493662823564,479.6502751398865,454.45202107649374,-4.659682279294897,20.295050505050504,13.125252525252526,0.5889898989898991,-0.1631566022766417,2.2907676767676763,220.5548260051772,8.019866363235815,19.98077358966446,0.3004040404040404,732.0090404040404,22.20895725170752,1.0750575244165372,6.825619578315412,3.4105959595959594,4.727313995361328,2,0,0,0.404,0.434,0.162,0.424,0.323,0.253,0.394,0.333,0.273,0.051,0.737,0.212,0.333,0.192,0.071,0.434,0.364,0.162,0.323,0.394,0.283,0.347,0.122,0.122,0.265,0.265,0.122,0.265,0.214,0.194,0.092,0.01,0.276,0.122,0.041,0.02,0.286,0.143,0.092,0.214,0.173,0.224,8.0,-406.0
P00263_SF4,1,0,1,2,2,1,1,0,2,1,0,1,0,2,0,2,0,0,0,0,9,2,4,5,4,3,6,4,4,3,5,2,0,2,6,7,6,3,3,3,2123.6,-8.347526318870116,4.96,94.12,4.41,10,2,7,33.300000000000004,43,-939.3618012862382,8021.881037970744,7429.779858818292,-104.45147588357142,386.363,223.8,9.18,-2.752979287107534,60.242,3699.928466208063,127.0588799408654,326.23675636438355,4.77,12774.308,370.0677540460629,16.209271352594456,112.2159339461801,55.184,10435.7,-28.432334024540623,31.09,480.03,22.520000000000003,45,4,26,171.68999999999997,174,-3574.2363876544914,40876.50722246163,36188.05780267272,-259.3682780633329,1644.2470000000003,1060.3,46.74,-16.803156565897357,223.574,18100.83652475136,692.4551850954057,1717.8011533990257,24.22,62644.487,2017.0347663338844,83.22996944829242,554.7832659903653,272.826,132.725,-0.5217203949293823,0.31,5.8825,0.275625,0.625,0.125,0.4375,2.0812500000000003,2.6875,-58.71011258038989,501.3675648731715,464.36124117614327,-6.528217242723214,24.1476875,13.9875,0.57375,-0.1720612054442208,3.765125,231.24552913800392,7.941179996304088,20.38979727277397,0.298125,798.39425,23.12923462787893,1.0130794595371535,7.013495871636256,3.449,128.8358024691358,-0.3510164694387732,0.3838271604938271,5.926296296296296,0.2780246913580247,0.5555555555555556,0.0493827160493827,0.3209876543209876,2.119629629629629,2.1481481481481484,-44.12637515622829,504.6482373143412,446.76614571200895,-3.202077506954728,20.29934567901235,13.090123456790122,0.577037037037037,-0.2074463773567575,2.7601728395061724,223.46711758952293,8.548829445622292,21.20742164690155,0.2990123456790123,773.3887283950618,24.901663781899806,1.0275304870159558,6.849176123337843,3.3682222222222227,6.9117608070373535,4,0,1,0.383,0.42,0.198,0.407,0.272,0.321,0.383,0.296,0.321,0.049,0.815,0.136,0.284,0.235,0.099,0.457,0.296,0.198,0.272,0.481,0.247,0.325,0.138,0.188,0.2,0.362,0.188,0.237,0.287,0.163,0.087,0.013,0.175,0.138,0.062,0.062,0.35,0.175,0.113,0.287,0.1,0.3,7.0,352.0
O52681_V128K_FES,4,0,0,1,4,0,0,3,0,0,2,1,0,0,1,0,1,0,0,0,12,5,6,5,4,3,18,12,0,13,14,16,6,4,7,5,8,0,9,12,1810.6,-1.8151981949574385,10.02,105.46999999999998,4.44,3,4,1,26.57,22,-15.1109673366293,8029.600791855202,6710.805054230726,-30.325582389879106,392.983,343.5,9.24,-4.864214617117101,194.486,3389.843962336182,114.39286926309,415.8853865684519,4.8,11458.020000000002,500.6466319219999,17.479884903405868,87.50844751063636,78.66099999999999,21768.7,-65.69449515520651,61.3,975.64,47.27,77,10,40,351.31,298,3860.4085907457193,78302.17269115474,74991.42631784266,-475.685749439577,2763.392,1851.2000000000005,95.75,-47.257743942582266,474.334,36263.63879356897,1274.5351180742205,3509.2715784445177,48.48,136279.081,3795.369647232712,172.00889598551623,1092.0545206279558,488.4610000000002,106.50588235294116,-0.106776364409261,0.5894117647058823,6.204117647058823,0.2611764705882353,0.1764705882352941,0.2352941176470588,0.0588235294117647,1.5629411764705885,1.2941176470588236,-0.8888804315664295,472.3294583444237,394.7532384841603,-1.7838577876399473,23.116647058823528,20.205882352941178,0.5435294117647059,-0.2861302715951236,11.44035294117647,199.4025860197754,6.728992309593529,24.463846268732464,0.2823529411764706,674.0011764705883,29.449801877764703,1.0282285237297568,5.147555735919786,4.627117647058823,136.91006289308177,-0.4131729255044434,0.3855345911949686,6.136100628930817,0.2972955974842767,0.4842767295597484,0.0628930817610062,0.2515723270440251,2.209496855345912,1.874213836477988,24.27929931286616,492.4664949129229,471.64419067825577,-2.991734273204887,17.379823899371065,11.642767295597489,0.6022012578616354,-0.2972185153621526,2.9832327044025155,228.07319995955328,8.015944138831575,22.070890430468665,0.3049056603773585,857.1011383647799,23.870249353664853,1.0818169558837498,6.868267425333055,3.0720817610062903,5.17901611328125,2,0,0,0.264,0.484,0.252,0.447,0.333,0.22,0.465,0.314,0.22,0.132,0.723,0.145,0.39,0.214,0.132,0.308,0.415,0.252,0.333,0.333,0.333,0.259,0.108,0.241,0.304,0.272,0.101,0.329,0.196,0.146,0.165,0.063,0.165,0.146,0.12,0.076,0.222,0.127,0.215,0.165,0.241,0.215,7.0,-398.0
Q8N5K1_FES,2,2,1,1,3,0,0,2,2,0,1,0,0,1,2,2,0,1,1,1,6,4,14,6,6,2,9,6,4,10,14,17,0,2,6,8,6,2,2,7,2822.7000000000003,-5.939149955742121,11.390000000000002,144.07000000000002,5.520000000000001,6,3,12,45.04,48,5733.582968147684,12036.183080155137,9484.764851756585,-58.330715815470654,452.892,330.0,12.28,-8.35904458691718,139.47,5034.611233294679,192.4995192906224,517.4528718440771,6.76,18954.385,653.5172860853744,19.677451918839584,141.46580569443063,73.246,17801.2,-46.05297927576375,37.43,844.46,36.95,62,6,55,287.62,299,6278.777627415495,66547.44352091264,62139.60715679717,-499.3256544811202,2503.028,1563.3,76.28,-31.01337771392848,254.458,30694.229518101045,1091.7946251705814,3034.453596894632,39.33,117894.398,3354.884132101558,133.86349632727683,927.410239587644,388.086,128.30454545454546,-0.2699613616246418,0.5177272727272728,6.548636363636365,0.2509090909090909,0.2727272727272727,0.1363636363636363,0.5454545454545454,2.047272727272728,2.1818181818181817,260.61740764307655,547.0992309161426,431.1256750798447,-2.6513961734304843,20.586,15.0,0.5581818181818182,-0.3799565721325991,6.339545454545455,228.8459651497581,8.749978149573742,23.52058508382169,0.3072727272727272,861.5629545454547,29.705331185698835,0.8944296326745266,6.430263895201392,3.3293636363636363,135.88702290076336,-0.3515494601203339,0.2857251908396946,6.446259541984733,0.2820610687022901,0.4732824427480916,0.0458015267175572,0.4198473282442748,2.195572519083969,2.282442748091603,47.92960020927859,507.9957520680354,474.3481462350929,-3.811646217413131,19.10708396946565,11.933587786259542,0.5822900763358779,-0.2367433413276982,1.9424274809160305,234.30709555802324,8.334310115805964,23.1637679152262,0.3002290076335878,899.9572366412214,25.609802535126395,1.0218587505898995,7.079467477768275,2.9624885496183206,5.1802897453308105,2,0,0,0.244,0.519,0.237,0.405,0.397,0.198,0.427,0.267,0.305,0.16,0.725,0.115,0.328,0.237,0.191,0.29,0.427,0.237,0.397,0.29,0.313,0.2,0.131,0.238,0.346,0.215,0.146,0.269,0.285,0.138,0.254,0.023,0.177,0.192,0.108,0.1,0.169,0.162,0.146,0.192,0.3,0.169,7.5,-10.0
P00459_SF4,2,0,0,0,4,0,0,8,0,0,0,0,0,2,2,0,0,0,0,3,52,26,26,32,14,14,48,52,4,40,42,32,26,12,16,18,22,0,18,46,2117.2,1.7268718252185455,15.46,129.18,4.23,0,4,0,31.87,12,-756.2317560775698,11228.709186238597,7553.862419131856,92.62193349962864,301.332,472.4,10.44,-6.331575121652988,203.492,4328.769562624382,149.1969977734685,545.5142357484381,6.209999999999999,12971.634,761.3497378438557,16.24075830700646,82.0476817841051,79.69600000000001,71013.8,-203.98362623729005,193.0,3268.46,159.39999999999998,258,40,158,1141.6,1026,34735.14368692474,256110.05469430244,251974.7026155292,-1475.65601171325,9812.751999999997,7146.8,319.16,-112.79310698875686,1363.668,120826.55939787344,4065.247244279629,12211.694798256369,159.76,439385.996,12796.73158968311,593.7569065342055,3621.838402762216,1837.668,100.8190476190476,0.0822319916770736,0.7361904761904762,6.151428571428572,0.2014285714285714,0.0,0.1904761904761904,0.0,1.5176190476190474,0.5714285714285714,-36.0110360036938,534.7004374399332,359.7077342443741,4.410568261887079,14.349142857142857,22.495238095238093,0.4971428571428572,-0.3015035772215708,9.690095238095235,206.1318839344944,7.1046189415937375,25.976868368973243,0.2957142857142856,617.6968571428572,36.25474942113598,0.7733694431907837,3.9070324659097664,3.79504761904762,131.50703703703704,-0.3777474559949816,0.3574074074074074,6.052703703703703,0.2951851851851851,0.4777777777777778,0.074074074074074,0.2925925925925925,2.114074074074074,1.9,64.32434016097174,474.277879063523,466.61981965838737,-2.7326963179875,18.17176296296296,13.234814814814817,0.5910370370370371,-0.2088761240532534,2.525311111111112,223.7528877738397,7.528235637554867,22.61424962640068,0.2958518518518518,813.6777703703705,23.69765109200576,1.0995498269151955,6.707108153263363,3.403088888888888,21.490318298339844,4,0,0,0.328,0.454,0.218,0.48,0.328,0.192,0.454,0.28,0.266,0.107,0.745,0.148,0.365,0.192,0.114,0.358,0.399,0.218,0.328,0.339,0.332,0.277,0.165,0.189,0.277,0.166,0.144,0.198,0.207,0.155,0.177,0.015,0.2,0.133,0.074,0.044,0.266,0.179,0.17,0.226,0.196,0.216,7.0,-280.0
P00208_C58S_SF4_proximal,0,0,1,2,5,0,2,0,0,3,0,0,0,0,1,1,1,0,1,4,3,2,2,6,8,2,14,5,0,7,3,2,2,0,5,5,6,0,3,6,2727.1,-13.446593540540931,16.46,116.31,5.17,12,5,1,53.97,45,-5190.5122911710005,11662.611716823483,7969.11566267305,-189.8113554276581,504.164,263.79999999999995,12.96,-7.518965477512241,175.62,4459.70007177039,229.4538459144344,325.1310597261818,7.79,15111.008999999998,535.8261548038018,16.021525905262326,145.7266639693572,56.787000000000006,10356.999999999998,-38.94406581729381,29.35,447.26,22.46,58,10,12,174.94,186,-7535.159493243551,40573.06231245535,36196.45861397064,-406.6376259336727,1621.9840000000002,1059.2,47.45,-8.704488810242747,287.36,17746.912807934143,700.4616931563451,1563.1667877428204,24.99,57661.977,1948.4999613570128,83.60257288711877,547.5160196493968,255.385,129.86190476190475,-0.6403139781209968,0.7838095238095238,5.538571428571428,0.2461904761904761,0.5714285714285714,0.238095238095238,0.0476190476190476,2.57,2.142857142857143,-247.16725196052383,555.3624627058803,379.4816982225262,-9.038635972745624,24.007809523809524,12.56190476190476,0.6171428571428572,-0.3580459751196305,8.362857142857143,212.3666700843043,10.926373614973068,15.482431415532464,0.370952380952381,719.5718571428571,25.515531181133426,0.7629298050124917,6.939364950921771,2.7041428571428576,127.86419753086416,-0.480790936015973,0.3623456790123456,5.521728395061729,0.2772839506172839,0.7160493827160493,0.1234567901234567,0.1481481481481481,2.159753086419753,2.2962962962962963,-93.0266604104142,500.9020038574735,446.8698594317364,-5.020217604119416,20.02449382716049,13.076543209876544,0.5858024691358025,-0.1074628248178116,3.547654320987654,219.0976889868413,8.647675224152408,19.29835540423235,0.3085185185185185,711.8762592592592,24.05555507848164,1.032130529470602,6.759457032708602,3.152901234567901,5.556431770324707,4,0,0,0.309,0.58,0.111,0.395,0.346,0.259,0.346,0.37,0.284,0.049,0.704,0.247,0.358,0.284,0.049,0.37,0.42,0.111,0.346,0.333,0.321,0.388,0.075,0.113,0.3,0.188,0.225,0.263,0.2,0.188,0.075,0.025,0.35,0.2,0.05,0.013,0.388,0.075,0.113,0.312,0.212,0.175,7.0,-633.0
P00208_C58S_SF4_distal,2,0,1,0,5,1,3,1,0,2,2,0,0,0,1,1,1,0,0,2,3,2,2,6,8,2,14,5,0,7,3,2,2,0,5,5,6,0,3,6,2717.4999999999995,-9.109377087774924,15.960000000000004,125.77999999999996,6.11,10,5,2,47.16000000000001,43,-3796.953585980789,10874.760516172284,8924.880464139538,-109.57447687325164,507.911,318.20000000000005,13.35,-7.017334631926324,226.056,4500.865442005563,191.1669024874909,413.71165998279525,7.24,15368.636,554.6737209413681,21.61803193667636,139.7739129447293,76.561,10356.999999999998,-38.94406581729381,29.35,447.26,22.46,58,10,12,174.94,186,-7535.159493243551,40573.06231245535,36196.45861397064,-406.6376259336727,1621.9840000000002,1059.2,47.45,-8.704488810242747,287.36,17746.912807934143,700.4616931563451,1563.1667877428204,24.99,57661.977,1948.4999613570128,83.60257288711877,547.5160196493968,255.385,123.52272727272724,-0.4140625948988601,0.7254545454545456,5.717272727272726,0.2777272727272727,0.4545454545454545,0.2272727272727272,0.0909090909090909,2.143636363636364,1.9545454545454544,-172.5887993627631,494.30729618964926,405.67638473361535,-4.980658039693257,23.086863636363635,14.463636363636368,0.6068181818181819,-0.318969755996651,10.275272727272728,204.58479281843464,8.689404658522315,18.805075453763425,0.3290909090909091,698.5743636363636,25.212441860971275,0.9826378153034708,6.353359679305877,3.4800454545454547,127.86419753086416,-0.480790936015973,0.3623456790123456,5.521728395061729,0.2772839506172839,0.7160493827160493,0.1234567901234567,0.1481481481481481,2.159753086419753,2.2962962962962963,-93.0266604104142,500.9020038574735,446.8698594317364,-5.020217604119416,20.02449382716049,13.076543209876544,0.5858024691358025,-0.1074628248178116,3.547654320987654,219.0976889868413,8.647675224152408,19.29835540423235,0.3085185185185185,711.8762592592592,24.05555507848164,1.032130529470602,6.759457032708602,3.152901234567901,7.748317718505859,4,0,0,0.309,0.58,0.111,0.395,0.346,0.259,0.346,0.37,0.284,0.049,0.704,0.247,0.358,0.284,0.049,0.37,0.42,0.111,0.346,0.333,0.321,0.388,0.075,0.113,0.3,0.188,0.225,0.263,0.2,0.188,0.075,0.025,0.35,0.2,0.05,0.013,0.388,0.075,0.113,0.312,0.212,0.175,7.0,-464.0
O52681_FES,4,0,0,1,4,0,0,3,1,0,2,0,0,0,1,0,1,0,0,1,12,5,6,5,4,3,18,12,2,13,14,15,6,4,7,5,8,0,9,13,1935.2,-2.893769231774237,12.36,109.18999999999998,4.66,3,4,2,31.340000000000003,22,-1501.7720811271583,8588.651717781127,6882.7415621672335,-34.644470157536006,411.9189999999999,347.90000000000003,9.98,-5.077236838208167,202.136,3557.0637066121253,133.1532859297567,416.8044341874995,5.32,11794.614,520.2056596997777,17.74572012638394,97.96491009567038,79.679,22046.5,-67.32435987211822,63.77,987.05,47.75999999999999,77,10,43,359.06999999999994,301,2095.8556644214013,79428.63102448807,75674.02949244586,-482.6508468716895,2796.68,1860.4000000000003,97.06,-47.54243434208567,482.608,36699.63046766948,1304.369608814961,3535.8239593968983,49.3,137793.783,3843.410156491972,173.17473120849428,1112.4776498796564,490.7750000000001,107.51111111111112,-0.1607649573207909,0.6866666666666668,6.06611111111111,0.2588888888888889,0.1666666666666666,0.2222222222222222,0.1111111111111111,1.7411111111111113,1.2222222222222223,-83.43178228484213,477.1473176545071,382.37453123151295,-1.924692786529778,22.88438888888889,19.32777777777778,0.5544444444444445,-0.282068713233787,11.229777777777777,197.6146503673403,7.397404773875372,23.15580189930553,0.2955555555555555,655.2563333333334,28.900314427765423,0.9858733403546632,5.4424950053150205,4.426611111111111,136.93478260869566,-0.4181637259137777,0.3960869565217391,6.130745341614906,0.2966459627329192,0.4782608695652174,0.062111801242236,0.2670807453416149,2.2302484472049686,1.8695652173913044,13.01773704609566,493.3455343135905,470.0250279033904,-2.997831347029128,17.370683229813665,11.555279503105591,0.6028571428571429,-0.2952946232427681,2.997565217391304,227.9480153271396,8.101674588912804,21.961639499359617,0.3062111801242236,855.8620062111801,23.87211277324206,1.0756194484999644,6.909799067575506,3.048291925465839,5.3061065673828125,2,0,0,0.261,0.484,0.255,0.447,0.323,0.23,0.466,0.317,0.217,0.124,0.733,0.143,0.391,0.211,0.137,0.304,0.416,0.255,0.323,0.342,0.335,0.256,0.106,0.237,0.294,0.287,0.094,0.331,0.188,0.15,0.15,0.062,0.163,0.15,0.125,0.069,0.225,0.119,0.219,0.163,0.225,0.237,7.0,-361.0
P00262_SF4,0,1,1,0,4,1,1,1,1,1,3,0,1,1,0,2,1,2,0,0,12,5,4,4,4,3,8,6,2,1,7,2,1,2,7,4,3,3,1,4,2986.3,-10.674281608014947,18.42,129.58,5.829999999999999,7,5,9,46.45,47,-918.1776596988766,11102.890242511758,9451.79968486068,-97.01415700198297,523.7909999999999,306.20000000000005,12.69,-15.335143591717324,235.134,4875.589475155427,172.35282510890116,427.1560621754269,6.86,18550.577,529.8309478132234,19.213296891556546,140.05200120582256,69.948,10614.3,-22.6500003568379,28.61,503.88000000000005,24.4,39,5,31,164.67999999999998,169,11333.202496334903,39974.10539310191,38562.48589823558,-207.8940766878368,1544.0020000000002,1102.0,48.11,-11.67340938503756,256.66,18381.259660812502,639.1867338390597,1897.626954109274,23.71,65631.825,2059.071558313834,93.90286336147636,553.62949227971,296.6590000000001,142.20476190476188,-0.508299124191188,0.8771428571428572,6.170476190476191,0.2776190476190476,0.3333333333333333,0.238095238095238,0.4285714285714285,2.211904761904762,2.238095238095238,-43.72274569994651,528.7090591672265,450.08569927908,-4.619721761999188,24.942428571428568,14.580952380952382,0.6042857142857143,-0.7302449329389201,11.196857142857144,232.17092738835368,8.20727738613815,20.34076486549652,0.3266666666666666,883.3608095238096,25.230045133963017,0.9149188995979306,6.669142914562979,3.3308571428571425,127.88313253012048,-0.272891570564312,0.3446987951807229,6.070843373493976,0.2939759036144578,0.4698795180722891,0.0602409638554216,0.3734939759036144,1.9840963855421685,2.036144578313253,136.54460838957715,481.61572762773386,464.6082638341636,-2.504747911901648,18.60243373493976,13.27710843373494,0.5796385542168675,-0.1406434865667176,3.0922891566265056,221.46095976882532,7.701044986012767,22.862975350714144,0.2856626506024096,790.7448795180723,24.808091064022097,1.1313597995358595,6.670234846743494,3.5742048192771096,6.980329990386963,4,0,1,0.349,0.458,0.193,0.47,0.313,0.217,0.482,0.217,0.301,0.084,0.771,0.145,0.277,0.265,0.108,0.434,0.325,0.193,0.313,0.422,0.265,0.366,0.085,0.183,0.317,0.232,0.134,0.256,0.317,0.11,0.159,0.012,0.22,0.146,0.098,0.049,0.305,0.11,0.134,0.28,0.171,0.244,7.0,347.0
P00260_SF4,2,0,2,0,4,3,0,2,0,1,2,0,1,2,0,1,1,2,1,1,19,2,6,4,4,6,4,6,0,2,5,5,1,2,5,3,4,3,1,3,3428.1,-13.032721398185895,21.83,149.78,6.91,8,5,7,52.49000000000001,48,-4583.892058196605,13004.209656431172,10830.670383487875,-108.20198072248444,583.631,381.30000000000007,15.03,-17.97966299582166,248.892,5660.204241091919,195.4069846530607,513.4525393546357,8.120000000000001,20400.009,622.2321606744364,23.20458288533217,153.54388475861916,89.258,10514.7,-18.77909979263959,27.32,520.89,25.5,36,5,26,159.66999999999996,160,4448.397952056307,38974.77434914588,38507.83785688294,-167.32623085553018,1657.5890000000004,1209.1,49.37,-12.986798791182691,260.492,18262.015029946804,603.8652925488683,2000.019572296759,23.870000000000005,65506.14700000001,2048.262138798165,99.05397748471502,542.2677001752188,337.215,137.124,-0.5213088559274359,0.8732,5.9912,0.2764,0.32,0.2,0.28,2.099600000000001,1.92,-183.3556823278642,520.1683862572469,433.2268153395151,-4.3280792288993775,23.34524,15.252000000000002,0.6012000000000001,-0.7191865198328664,9.95568,226.4081696436768,7.816279386122428,20.53810157418543,0.3248,816.0003600000001,24.889286426977456,0.9281833154132868,6.141755390344766,3.57032,123.70235294117646,-0.2209305857957599,0.3214117647058823,6.128117647058823,0.3,0.4235294117647059,0.0588235294117647,0.3058823529411765,1.8784705882352937,1.8823529411764703,52.334093553603616,458.526757048775,453.033386551564,-1.968543892418002,19.50104705882353,14.224705882352945,0.5808235294117646,-0.1527858681315611,3.064611764705882,214.84723564643292,7.104297559398451,23.52964202702069,0.2808235294117647,770.6605529411767,24.097201632919585,1.1653409115848825,6.379620002061397,3.967235294117647,6.220101833343506,4,0,1,0.424,0.412,0.165,0.518,0.318,0.165,0.494,0.224,0.282,0.082,0.824,0.094,0.247,0.247,0.082,0.482,0.306,0.165,0.318,0.447,0.235,0.298,0.107,0.155,0.345,0.19,0.107,0.286,0.31,0.119,0.155,0.012,0.131,0.167,0.071,0.024,0.238,0.131,0.119,0.262,0.19,0.19,7.0,356.0
O52681_V128H_FES,4,0,0,1,4,0,0,3,0,0,2,0,0,0,1,0,1,0,0,0,12,5,6,5,4,3,18,12,0,13,14,15,6,4,7,5,8,0,9,12,1641.9999999999998,-2.042313277546563,11.01,95.48,4.12,3,4,0,24.68,19,-757.4658918883154,7502.725791855202,6086.360609786281,-31.09777367068213,386.557,340.1,8.65,-4.639370685353867,197.852,3104.081250471775,108.48661926309,378.8853865684519,4.53,9773.706000000002,469.4278819219999,16.294699718220677,80.50844751063636,77.573,21600.1,-65.92161023779563,62.29,965.65,46.95,77,10,39,349.42,295,3118.0536661940314,77775.29769115474,74366.98187339822,-476.45794072038,2756.9659999999994,1847.8000000000004,95.16,-47.03290001081902,477.7,35977.87608170456,1268.6288680742205,3472.2715784445177,48.21,134594.767,3764.150897232712,170.82371080033104,1085.0545206279558,487.37300000000016,102.625,-0.1276445798466602,0.688125,5.967499999999999,0.2575,0.1875,0.25,0.0,1.5425,1.1875,-47.34161824301971,468.9203619909501,380.3975381116426,-1.9436108544176327,24.1598125,21.25625,0.540625,-0.2899606678346167,12.36575,194.005078154486,6.7804137039431245,23.680336660528244,0.283125,610.8566250000001,29.339242620124995,1.0184187323887923,5.031777969414772,4.8483125,136.70949367088608,-0.4172253812518711,0.3942405063291139,6.111708860759493,0.2971518987341772,0.4873417721518987,0.0632911392405063,0.2468354430379747,2.211518987341772,1.8670886075949369,19.734516874645767,492.2487195642705,470.6771004645457,-3.015556586837848,17.449151898734172,11.694936708860762,0.6022784810126584,-0.2976765823469558,3.0234177215189875,227.70807646648456,8.029296633381142,21.976402395218468,0.305126582278481,851.8656139240505,23.82373985590324,1.0811627265843735,6.86743367486048,3.08463924050633,5.20323371887207,2,0,0,0.266,0.487,0.247,0.449,0.329,0.222,0.462,0.316,0.222,0.127,0.728,0.146,0.392,0.215,0.127,0.31,0.418,0.247,0.329,0.335,0.335,0.261,0.108,0.242,0.306,0.274,0.089,0.331,0.197,0.146,0.153,0.064,0.166,0.153,0.115,0.07,0.223,0.127,0.217,0.159,0.236,0.223,7.0,-354.0
P07485_SF4,4,0,0,1,4,0,2,1,0,4,0,1,2,1,1,1,0,0,0,2,8,0,0,5,6,1,10,2,1,6,1,2,2,1,3,3,3,0,0,5,3069.2,-7.819432639331541,18.93,140.81999999999996,7.029999999999999,7,6,1,54.530000000000015,30,-1538.95857661254,11551.37621331484,9718.50842219364,-86.49868769778176,514.587,326.5,15.05,-8.251318887775723,218.182,4907.551065879356,205.88109088552235,459.0833401216897,8.02,18077.245,566.9138341155177,24.29455608597058,156.5661960967714,87.51500000000001,7389.7,-23.85096431302792,25.07,321.86,17.580000000000002,37,8,5,127.54000000000002,110,-7165.51821818175,27418.22371445205,25795.93415395317,-267.5401205973088,1200.573,754.4999999999999,35.79,-2.776391083801932,253.088,12273.619045331288,488.3378137242304,1109.300515807572,18.21,40439.310000000005,1292.2124387924314,66.00776044146885,401.8559239957761,208.183,127.88333333333333,-0.3258096933054809,0.78875,5.867499999999999,0.2929166666666666,0.2916666666666667,0.25,0.0416666666666666,2.272083333333334,1.25,-64.1232740255225,481.3073422214516,404.9378509247351,-3.6041119874075735,21.441125,13.604166666666666,0.6270833333333333,-0.3438049536573218,9.090916666666663,204.48129441163985,8.578378786896764,19.1284725050704,0.3341666666666666,753.2185416666666,23.62140975481324,1.0122731702487742,6.523591504032141,3.646458333333334,125.24915254237288,-0.404253632424202,0.4249152542372881,5.455254237288136,0.2979661016949153,0.6271186440677966,0.135593220338983,0.0847457627118644,2.161694915254237,1.8644067796610169,-121.4494613251144,464.7156561771534,437.21922294835895,-4.534578315208624,20.348694915254235,12.788135593220336,0.6066101694915255,-0.0470574759966429,4.289627118644067,208.027441446293,8.276912097020855,18.80170365775546,0.3086440677966102,685.4120338983051,21.9019057422446,1.1187756007028615,6.811117355860612,3.528525423728813,6.079768657684326,4,0,0,0.356,0.542,0.102,0.492,0.305,0.203,0.424,0.356,0.22,0.034,0.712,0.254,0.356,0.237,0.051,0.407,0.39,0.102,0.305,0.339,0.356,0.362,0.103,0.103,0.31,0.241,0.121,0.276,0.155,0.19,0.034,0.034,0.397,0.172,0.0,0.052,0.293,0.103,0.103,0.259,0.172,0.276,8.0,-374.0
O52681_V128I_FES,4,0,0,1,4,0,0,3,0,1,2,0,0,0,1,0,1,0,0,0,12,5,6,5,4,3,18,12,0,14,14,15,6,4,7,5,8,0,9,12,1808.7,-2.658497911566132,12.81,101.52,4.42,3,4,0,28.870000000000005,19,-1028.0016871621483,8058.392458521869,6456.805054230725,-32.51499832892714,396.194,342.40000000000003,9.4,-5.748503026589088,201.992,3326.347917138441,122.45328592975667,392.3076087906741,4.98,10780.574000000002,489.56121525533325,16.961366384887345,89.81955862174746,78.26299999999999,21766.8,-66.5377948718152,64.09,971.69,47.25,77,10,39,353.61,295,2847.5178709201973,78330.96435782142,74737.42631784268,-477.875165378625,2766.603,1850.1000000000004,95.91,-48.14203235205424,481.84,36200.14274837123,1282.5955347408872,3485.69380066674,48.66,135601.635,3784.284230566046,171.4903774669977,1094.3656317390669,488.06300000000016,106.39411764705882,-0.1563822300921253,0.7535294117647059,5.971764705882353,0.26,0.1764705882352941,0.2352941176470588,0.0,1.6982352941176473,1.1176470588235294,-60.47068748012637,474.0230857954041,379.812062013572,-1.912646960525126,23.305529411764702,20.14117647058824,0.5529411764705883,-0.3381472368581816,11.881882352941176,195.66752453755532,7.203134466456276,23.076918164157306,0.2929411764705882,634.151411764706,28.79771854443137,0.997727434405138,5.283503448338086,4.603705882352941,136.89811320754717,-0.4184766973070138,0.4030817610062893,6.11125786163522,0.2971698113207547,0.4842767295597484,0.0628930817610062,0.2452830188679245,2.223962264150943,1.8553459119496856,17.90891742717105,492.6475745774932,470.0467064015263,-3.0055041847712265,17.400018867924526,11.635849056603776,0.6032075471698114,-0.3027800776858757,3.0304402515723274,227.67385376334107,8.06663858327602,21.922602519916605,0.3060377358490566,852.8404716981132,23.80052975198771,1.0785558331257716,6.882802715340043,3.069578616352202,5.0985283851623535,2,0,0,0.264,0.491,0.245,0.453,0.327,0.22,0.459,0.321,0.22,0.126,0.73,0.145,0.396,0.214,0.126,0.308,0.421,0.245,0.327,0.333,0.34,0.259,0.108,0.241,0.304,0.285,0.089,0.335,0.19,0.152,0.152,0.063,0.165,0.152,0.114,0.07,0.228,0.12,0.222,0.158,0.234,0.222,7.0,-375.0
Q9NZ45_FES,1,2,0,1,3,0,0,2,2,0,1,0,0,2,2,1,1,1,1,2,10,5,9,13,6,2,7,8,9,10,6,21,4,7,6,2,5,2,3,7,2977.0,-7.185468653805038,14.99,143.03,5.470000000000001,5,3,11,50.49,43,3323.676574487614,12541.273027245086,9371.005081778278,-70.011351683258,431.7859999999999,288.6,12.730000000000002,-10.620011727766272,167.014,5114.697479835475,213.10401664511969,483.6564704321151,7.26,19731.5,647.2850109530993,18.1063612191938,147.59259429212474,61.886,19631.0,-54.62217119698752,34.45,920.7899999999998,40.48,61,10,67,313.1,310,12506.681318181289,72488.95036708792,68679.29510164565,-645.8556824775129,2570.778,1639.9,82.81,-28.741322182406687,235.692,33801.21868802364,1167.3967277561053,3332.629837615787,42.330000000000005,131449.924,3571.9037440588027,147.93275172524432,1013.5468005835338,419.2199999999999,135.3181818181818,-0.3266122115365926,0.6813636363636364,6.501363636363636,0.2486363636363636,0.2272727272727272,0.1363636363636363,0.5,2.295,1.9545454545454544,151.07620793125517,570.0578648747767,425.9547764444672,-3.182334167420818,19.62663636363636,13.118181818181816,0.5786363636363637,-0.4827278058075578,7.591545454545455,232.4862490834307,9.686546211141804,21.9843850196416,0.33,896.8863636363636,29.422045952413608,0.8230164190542637,6.708754286005671,2.813,138.24647887323945,-0.3846631774435741,0.2426056338028169,6.484436619718309,0.2850704225352112,0.4295774647887324,0.0704225352112676,0.4718309859154929,2.2049295774647883,2.183098591549296,88.07522055057244,510.4855659654079,483.657007758068,-4.548279454066992,18.10407042253521,11.548591549295772,0.583169014084507,-0.2024036773408921,1.6598028169014083,238.03675132411016,8.22110371659229,23.46922420856188,0.2980985915492958,925.7036901408452,25.15425171872396,1.0417799417270726,7.1376535252361535,2.95225352112676,5.203970432281494,2,0,0,0.268,0.373,0.359,0.394,0.401,0.204,0.451,0.282,0.268,0.183,0.676,0.141,0.317,0.169,0.246,0.31,0.289,0.359,0.401,0.303,0.296,0.149,0.22,0.291,0.291,0.213,0.17,0.248,0.227,0.113,0.248,0.028,0.199,0.113,0.135,0.064,0.149,0.262,0.177,0.241,0.22,0.199,7.5,-10.0
P00261_SF4,2,0,1,0,4,1,0,2,2,1,2,0,0,2,0,2,1,2,1,1,18,2,5,6,4,2,4,6,3,1,7,4,0,2,6,3,4,3,1,4,3258.9,-11.374300361081517,21.86,147.33,6.34,6,4,8,52.71,42,-3898.2606079036814,12813.118038497449,9991.761996041989,-71.8464877613729,557.721,367.50000000000006,14.3,-18.2893559059838,247.088,5413.626234648054,201.6352079891788,492.3962352420816,7.96,19964.494,630.2322999114177,20.696823145072425,151.05931224779664,82.146,10506.5,-20.66557299227082,30.64,517.79,24.92000000000001,35,4,26,165.81,149,3484.909313614853,39942.820592425,38134.90145797068,-216.8215654223115,1678.7910000000002,1200.1,49.05,-12.396129841053108,264.058,18377.041058407834,643.2434929912135,1962.8054752680664,24.130000000000003,65162.35799999999,2088.1335158251345,96.12349560339376,558.7673089142689,330.49999999999994,135.7875,-0.4739291817117297,0.9108333333333332,6.138750000000001,0.2641666666666666,0.25,0.1666666666666666,0.3333333333333333,2.19625,1.75,-162.4275253293201,533.879918270727,416.3234165017495,-2.99360365672387,23.238375,15.312500000000002,0.5958333333333333,-0.7620564960826584,10.295333333333332,225.5677597770023,8.401466999549116,20.5165098017534,0.3316666666666666,831.8539166666668,26.25967916297574,0.8623676310446844,6.29413801032486,3.42275,123.60588235294118,-0.2431243881443626,0.3604705882352941,6.091647058823529,0.2931764705882353,0.4117647058823529,0.0470588235294117,0.3058823529411765,1.9507058823529413,1.7529411764705882,40.99893310135122,469.9155363814706,448.6458995055374,-2.550841946144841,19.75048235294118,14.118823529411763,0.5770588235294117,-0.1458368216594483,3.1065647058823527,216.20048304009217,7.567570505778983,23.09182912080078,0.2838823529411765,766.6159764705882,24.566276656766288,1.1308646541575738,6.573733046050223,3.888235294117647,6.736727237701416,4,0,1,0.435,0.388,0.176,0.529,0.271,0.2,0.471,0.224,0.306,0.071,0.812,0.118,0.259,0.2,0.106,0.506,0.271,0.176,0.271,0.482,0.247,0.393,0.119,0.167,0.31,0.25,0.107,0.262,0.274,0.143,0.131,0.012,0.167,0.107,0.107,0.024,0.274,0.143,0.119,0.262,0.155,0.274,7.0,328.0
P00259_FES,2,0,0,1,5,1,1,3,1,0,1,0,2,0,0,2,1,0,0,1,9,5,4,9,6,3,7,8,2,6,6,3,4,1,4,7,5,1,3,14,2373.1,-5.914228191204447,12.38,122.04,5.41,8,7,3,35.73,40,-3026.108613573644,9986.959950655924,8395.81530694274,-52.23617674726525,539.09,420.1,11.69,-5.914013144545228,238.076,4285.269345691051,143.80636546116446,453.3940047437693,6.28,13742.713,570.772709866673,20.11133433094785,112.65698288335966,91.53,13729.699999999995,-39.60145183195311,43.62,635.2,30.03,54,10,30,233.32,213,1695.80466414909,52115.81572117827,47143.193980517644,-357.7755194224482,2110.314,1441.5,63.17,-19.51214211185265,320.09000000000003,23425.70644636077,883.279493832621,2266.477121173826,33.14,83188.37799999998,2590.7674599725187,108.6390561750458,718.8984721615332,357.584,113.0047619047619,-0.2816299138668784,0.5895238095238096,5.811428571428571,0.2576190476190476,0.3809523809523809,0.3333333333333333,0.1428571428571428,1.7014285714285713,1.9047619047619049,-144.10041017017352,475.5695214598059,399.8007289020353,-2.487436987965012,25.670952380952382,20.004761904761903,0.5566666666666666,-0.2816196735497727,11.33695238095238,204.0604450329072,6.847922164817355,21.59019070208425,0.299047619047619,654.4149047619047,27.17965285079396,0.9576825871879928,5.364618232540936,4.3585714285714285,128.314953271028,-0.3701070264668514,0.4076635514018691,5.936448598130841,0.2806542056074766,0.5046728971962616,0.0934579439252336,0.2803738317757009,2.180560747663552,1.9906542056074767,15.848641721019533,487.0636983287689,440.5905979487631,-3.3436964432004506,19.72256074766355,13.47196261682243,0.5903738317757009,-0.1823564683350715,2.991495327102804,218.93183594729692,8.254948540491785,21.182029169848843,0.3097196261682243,777.4614766355138,24.21277999974317,1.015318282009774,6.718677309920871,3.341906542056075,5.08641242980957,2,0,0,0.355,0.467,0.178,0.477,0.29,0.234,0.364,0.336,0.299,0.075,0.776,0.15,0.383,0.168,0.093,0.393,0.374,0.178,0.29,0.355,0.355,0.311,0.123,0.198,0.292,0.264,0.123,0.179,0.189,0.208,0.085,0.047,0.255,0.123,0.057,0.047,0.274,0.132,0.179,0.208,0.208,0.283,7.0,-239.0
P00265_SF4,4,0,2,0,2,0,0,1,1,0,1,3,0,1,0,1,0,1,0,0,16,0,3,4,4,4,1,8,1,0,3,10,0,3,3,3,1,2,2,6,2192.1,-3.244011154043552,5.98,117.26,5.01,3,2,8,30.57,32,2243.7984913786727,8034.597775862479,7789.794124666942,-27.45828362487485,371.482,262.40000000000003,9.840000000000002,-7.017181925365112,104.0,3801.431364774208,110.06720055543596,442.5141301933628,4.83,15571.088,445.2713152996243,18.88865792661307,104.82024650517118,69.166,9145.7,-12.797340327117134,21.46,473.91,21.430000000000003,23,4,21,134.33,120,5399.942198227862,34551.29498192439,33046.57338963135,-55.6537847383066,1318.0729999999996,1095.5999999999997,42.51,-16.503664010923085,246.664,16058.10037310834,500.2053880868588,1828.836252085615,21.08,60254.01100000001,1895.2929500945688,82.25005750718489,441.3373909943833,284.047,128.9470588235294,-0.1908241855319736,0.351764705882353,6.89764705882353,0.2947058823529411,0.1764705882352941,0.1176470588235294,0.4705882352941176,1.7982352941176472,1.8823529411764703,131.98814655168664,472.6233985801459,458.2231838039377,-1.615193154404403,21.85188235294117,15.43529411764706,0.5788235294117648,-0.4127754073744183,6.117647058823529,223.61360969260045,6.474541209143292,26.03024295255076,0.2841176470588235,915.9463529411764,26.192430311742605,1.1110975250948865,6.165896853245364,4.068588235294118,123.59054054054054,-0.1729370314475288,0.29,6.404189189189189,0.2895945945945946,0.3108108108108108,0.054054054054054,0.2837837837837837,1.8152702702702703,1.6216216216216215,72.97219186794408,466.9093916476269,446.5753160760993,-0.7520781721392783,17.811797297297293,14.8054054054054,0.5744594594594594,-0.2230224866340957,3.3332972972972974,217.001356393356,6.759532271444037,24.71400340656236,0.2848648648648649,814.2433918918921,25.61206689316985,1.1114872636106066,5.964018797221397,3.838472972972973,8.918804168701172,4,0,1,0.432,0.324,0.243,0.568,0.297,0.135,0.473,0.243,0.284,0.135,0.797,0.068,0.27,0.149,0.149,0.473,0.23,0.243,0.297,0.459,0.243,0.288,0.233,0.178,0.301,0.164,0.082,0.247,0.274,0.164,0.219,0.027,0.082,0.096,0.041,0.068,0.274,0.233,0.151,0.315,0.068,0.315,7.0,332.0
Q9CQB5_FES,1,2,1,1,3,0,0,2,2,0,0,1,0,1,2,2,1,1,1,0,8,6,7,7,4,5,5,6,2,7,20,15,1,5,9,6,5,2,3,12,2712.1,-4.990861570576852,7.43,141.48999999999998,4.970000000000001,7,3,13,42.42,54,5466.228205583677,11959.008426105484,9223.035683698525,-54.702210153888046,432.6979999999999,313.40000000000003,11.33,-7.002496611193146,112.72400000000002,4965.397079919063,189.55310343795645,511.6736247548722,6.36,18897.845000000005,659.0716079209462,17.810798556544075,135.47262034174818,64.37400000000001,18825.1,-43.91349590455409,60.43999999999999,872.0000000000001,39.27,50,5,51,308.19,257,11131.321001643442,68739.15525065178,63572.56173825561,-466.3794148734798,2437.5180000000005,1463.1,81.10000000000001,-44.154468703392666,441.958,31461.88793231444,1154.6553500376758,3051.7071421848204,41.83,124570.993,3373.2884045694304,137.88853374485657,963.944518617356,390.18700000000007,129.14761904761903,-0.2376600747893739,0.3538095238095238,6.737619047619047,0.2366666666666667,0.3333333333333333,0.1428571428571428,0.6190476190476191,2.02,2.571428571428572,260.2965812182703,569.4765917193088,439.1921754142154,-2.6048671501851453,20.604666666666663,14.923809523809526,0.5395238095238095,-0.333452219580626,5.367809523809525,236.44747999614583,9.026338258950307,24.36541070261296,0.3028571428571429,899.8973809523811,31.38436228194982,0.848133264597337,6.4510771591308655,3.065428571428572,139.44518518518518,-0.3252851548485488,0.4477037037037036,6.45925925925926,0.2908888888888889,0.3703703703703703,0.037037037037037,0.3777777777777777,2.282888888888889,1.903703703703704,82.45422964180328,509.17892778260574,470.90786472781934,-3.4546623323961465,18.05568888888889,10.83777777777778,0.6007407407407408,-0.3270701385436493,3.273762962962963,233.05102172084767,8.553002592871673,22.60523809025793,0.3098518518518518,922.7480962962962,24.98732151532912,1.0213965462581966,7.14032976753597,2.8902740740740747,5.509145736694336,2,0,0,0.237,0.511,0.252,0.474,0.333,0.193,0.459,0.281,0.259,0.156,0.756,0.089,0.4,0.193,0.17,0.304,0.415,0.252,0.333,0.289,0.378,0.209,0.119,0.276,0.284,0.246,0.119,0.276,0.194,0.164,0.231,0.022,0.142,0.179,0.112,0.09,0.216,0.172,0.194,0.157,0.246,0.261,7.5,-10.0
P33678_SF4,3,0,0,1,4,1,0,3,0,3,0,2,0,3,1,1,0,0,2,1,10,1,4,3,4,3,0,9,0,3,0,7,1,3,4,2,3,0,2,3,3270.9,-9.717186859837438,18.71,155.49,6.479999999999999,6,4,3,52.78000000000001,36,-82.45870625628936,13415.557436136847,10285.753768526069,-69.31807994665851,486.8619999999999,378.0,14.670000000000002,-15.081947070526038,217.58,5555.954739295083,208.8368034307743,539.6793094879297,8.19,20542.017,688.5474779740957,22.03276013668044,147.71057644400622,83.191,7452.6,-7.8453955913262305,17.11,399.3,16.360000000000003,20,5,17,114.35,108,3742.934084573086,30813.19605244257,26898.303163415778,-26.53893443961473,1093.961,972.3,34.12,-10.585353152885812,185.532,13654.65645788026,462.96473851956455,1559.0802738677528,17.759999999999998,49432.94400000001,1760.6830911791171,62.48036193058204,364.4087440687636,224.52,130.83599999999998,-0.3886874743934975,0.7484000000000001,6.219600000000001,0.2591999999999999,0.24,0.16,0.12,2.1112,1.44,-3.2983482502515744,536.6222974454739,411.4301507410427,-2.7727231978663407,19.47448,15.12,0.5868000000000001,-0.6032778828210416,8.703199999999999,222.2381895718033,8.353472137230971,21.587172379517188,0.3276,821.6806799999999,27.54189911896383,0.8813104054672174,5.908423057760249,3.32764,120.2032258064516,-0.1265386385697779,0.2759677419354838,6.4403225806451605,0.2638709677419355,0.3225806451612903,0.0806451612903225,0.2741935483870967,1.844354838709677,1.7419354838709675,60.36990458988848,496.9870331039125,433.8435994099319,-0.4280473296712053,17.644532258064515,15.682258064516128,0.5503225806451613,-0.1707315024659002,2.992451612903226,220.23639448193967,7.4671732019284605,25.146456030125044,0.2864516129032258,797.3055483870969,28.39811437385673,1.007747773073904,5.877560388205865,3.621290322580645,5.909873008728027,4,0,1,0.435,0.339,0.226,0.516,0.29,0.194,0.355,0.29,0.355,0.129,0.823,0.048,0.258,0.177,0.129,0.5,0.21,0.226,0.29,0.484,0.226,0.295,0.115,0.197,0.262,0.246,0.082,0.213,0.164,0.213,0.148,0.0,0.098,0.115,0.082,0.016,0.148,0.115,0.148,0.197,0.148,0.18,7.4,330.0
O52681_V128M_FES,4,0,0,1,4,0,0,3,0,0,2,0,1,0,1,0,1,0,0,0,12,5,6,5,4,3,18,12,0,13,14,15,7,4,7,5,8,0,9,12,1804.9,-2.468282009818844,12.24,101.18999999999998,4.5,3,5,0,27.03,19,-1139.8883272887465,7931.410002381518,6595.423109786281,-37.06133592249406,419.457,354.1,9.35,-5.163312226048774,215.072,3336.7955361860613,114.6708297894058,396.7291365684519,4.8500000000000005,10703.865000000002,484.4541977114736,17.482199718220677,87.85219751063636,82.893,21763.0,-66.34757897006791,63.52,971.36,47.33,77,11,39,351.77,295,2735.6312307935987,78203.98190168107,74876.04437339822,-482.421502972192,2789.8659999999995,1861.8000000000004,95.86,-47.556841551513926,494.92,36210.59036741885,1274.8130786005363,3490.1153284445177,48.53000000000001,135524.926,3779.177213022186,172.01121080033104,1092.3982706279558,492.69300000000015,106.1705882352941,-0.1451930594011084,0.72,5.9523529411764695,0.2647058823529412,0.1764705882352941,0.2941176470588235,0.0,1.59,1.1176470588235294,-67.05225454639684,466.553529551854,387.966065281546,-2.180078583676121,24.673941176470585,20.829411764705885,0.5499999999999999,-0.3037242485911043,12.651294117647058,196.282090363886,6.745342928788576,23.337008033438348,0.2852941176470588,629.6391176470589,28.497305747733744,1.0283646893070986,5.16777632415508,4.876058823529412,136.874213836478,-0.4172803708809303,0.3994968553459119,6.109182389937106,0.2976729559748428,0.4842767295597484,0.0691823899371069,0.2452830188679245,2.2123899371069182,1.8553459119496856,17.205227866626405,491.84894277786833,470.91851807168695,-3.034097502969761,17.546327044025155,11.709433962264152,0.6028930817610064,-0.2990996323994586,3.112704402515723,227.73956205923807,8.017692318242366,21.95041087072024,0.3052201257861636,852.3580251572328,23.768410144793624,1.0818315144674908,6.87042937501859,3.098698113207548,5.227012634277344,2,0,0,0.264,0.484,0.252,0.447,0.327,0.226,0.465,0.314,0.22,0.126,0.73,0.145,0.396,0.214,0.126,0.308,0.415,0.252,0.327,0.333,0.34,0.259,0.108,0.241,0.304,0.272,0.089,0.329,0.196,0.146,0.152,0.063,0.165,0.152,0.114,0.07,0.222,0.127,0.215,0.158,0.234,0.222,7.0,-412.0
P00207_T10I_SF4_proximal,1,0,0,0,6,1,1,1,0,2,0,0,0,0,1,0,2,0,1,5,6,1,2,3,9,3,4,3,0,4,0,4,1,2,4,3,5,0,2,7,2653.8,-9.386800988526714,20.59,124.86,5.1,6,6,1,53.42,36,-6474.757609199357,11682.6033804975,7226.062582714244,-117.93469494916532,476.003,271.6,13.22,-11.016972306647832,269.48,4234.859540495365,230.6177270224332,350.46200407345714,8.120000000000001,15670.321,588.4383348895115,14.867769580790958,133.06443587544604,56.087,7957.7,-20.27654721290276,30.55,380.89,16.75,29,10,12,138.75,129,-5866.897901768688,32584.975443258736,25978.610633543587,-254.5499552574896,1321.0600000000002,827.2000000000002,37.36,-14.44998591880666,378.97,13520.28687586366,578.6775633717277,1275.1551249789495,20.61,48802.36600000001,1655.0324099023328,58.546765367617496,410.9474289672581,198.324,126.37142857142858,-0.4469905232631768,0.9804761904761904,5.945714285714285,0.2428571428571428,0.2857142857142857,0.2857142857142857,0.0476190476190476,2.543809523809524,1.7142857142857142,-308.3217909142551,556.3144466903572,344.0982182244878,-5.615937854722159,22.66680952380953,12.933333333333332,0.6295238095238095,-0.524617728887992,12.832380952380952,201.6599781188269,10.98179652487777,16.688666860640815,0.3866666666666667,746.2057619047619,28.02087308997673,0.7079890276567122,6.336401708354574,2.670809523809524,126.3126984126984,-0.3218499557603612,0.4849206349206348,6.045873015873017,0.2658730158730158,0.4603174603174603,0.1587301587301587,0.1904761904761904,2.202380952380953,2.0476190476190474,-93.12536352013792,517.2218324326783,412.3588989451363,-4.040475480277612,20.96920634920636,13.130158730158731,0.593015873015873,-0.2293648558540739,6.015396825396825,214.60772818831205,9.185358148757585,20.240557539348405,0.3271428571428571,774.6407301587303,26.27035571273544,0.9293137359939284,6.522975062972351,3.148,5.56503963470459,4,0,0,0.317,0.524,0.159,0.492,0.27,0.238,0.302,0.46,0.238,0.079,0.81,0.111,0.397,0.206,0.079,0.381,0.317,0.159,0.27,0.365,0.365,0.306,0.113,0.113,0.306,0.242,0.145,0.29,0.194,0.226,0.113,0.016,0.21,0.21,0.065,0.016,0.29,0.129,0.081,0.21,0.242,0.242,7.5,-550.0
P00207_T10I_SF4_distal,3,0,1,0,5,1,4,0,0,2,0,3,0,0,2,0,1,0,1,1,6,1,2,3,9,3,4,3,0,4,0,4,1,2,4,3,5,0,2,7,3134.1,-10.063093259535192,9.76,147.54,6.91,12,5,5,51.120000000000005,56,-709.0026125323598,12356.486777873546,10566.422551805512,-149.01374831994227,489.916,275.2,14.61,-5.459005811380198,187.062,5186.708612553875,214.5213749132133,487.718775392158,7.7,19524.073000000004,616.7194621908594,25.34368166611741,159.91332988209905,74.02,7957.7,-20.27654721290276,30.55,380.89,16.75,29,10,12,138.75,129,-5866.897901768688,32584.975443258736,25978.610633543587,-254.5499552574896,1321.0600000000002,827.2000000000002,37.36,-14.44998591880666,378.97,13520.28687586366,578.6775633717277,1275.1551249789495,20.61,48802.36600000001,1655.0324099023328,58.546765367617496,410.9474289672581,198.324,130.5875,-0.419295552480633,0.4066666666666667,6.1475,0.2879166666666666,0.5,0.2083333333333333,0.2083333333333333,2.1300000000000003,2.333333333333333,-29.541775522181656,514.8536157447311,440.2676063252297,-6.208906179997594,20.413166666666665,11.466666666666669,0.60875,-0.2274585754741749,7.794250000000001,216.11285885641144,8.938390621383888,20.32161564133992,0.3208333333333333,813.5030416666668,25.696644257952475,1.0559867360882256,6.663055411754127,3.0841666666666665,126.3126984126984,-0.3218499557603612,0.4849206349206348,6.045873015873017,0.2658730158730158,0.4603174603174603,0.1587301587301587,0.1904761904761904,2.202380952380953,2.0476190476190474,-93.12536352013792,517.2218324326783,412.3588989451363,-4.040475480277612,20.96920634920636,13.130158730158731,0.593015873015873,-0.2293648558540739,6.015396825396825,214.60772818831205,9.185358148757585,20.240557539348405,0.3271428571428571,774.6407301587303,26.27035571273544,0.9293137359939284,6.522975062972351,3.148,6.961597919464111,4,0,0,0.317,0.524,0.159,0.492,0.27,0.238,0.302,0.46,0.238,0.079,0.81,0.111,0.397,0.206,0.079,0.381,0.317,0.159,0.27,0.365,0.365,0.306,0.113,0.113,0.306,0.242,0.145,0.29,0.194,0.226,0.113,0.016,0.21,0.21,0.065,0.016,0.29,0.129,0.081,0.21,0.242,0.242,7.5,-550.0
P46797_SF4,6,0,0,1,4,0,1,3,0,2,1,2,0,1,1,1,1,0,0,2,7,1,1,8,6,2,4,5,0,2,4,4,1,1,4,2,2,0,0,6,3020.4,-3.5510253482138907,15.1,160.22,7.269999999999999,6,4,2,49.96,32,-74.3690262676032,12106.838836218249,10356.90141012748,-18.860865306424746,528.6129999999999,424.2000000000001,15.24,-7.167404104793443,208.3,5207.397499869588,194.9361359501068,587.940304602199,7.970000000000001,18929.183,685.0898426464606,26.99831303366161,150.72984260493055,104.65100000000002,7317.5999999999985,-18.81420776658088,20.739999999999995,349.23999999999995,16.66,31,7,10,118.65000000000002,112,-318.3104419193546,28879.579858016088,26449.80289398798,-275.462462258751,1201.662,872.6,34.39,-2.718552918080188,225.918,12919.458186350124,472.419969701781,1286.9546043209366,17.730000000000004,43533.595,1489.8695122988474,63.392370493304064,385.3491593232914,216.882,116.16923076923077,-0.1365778980082265,0.5807692307692307,6.162307692307692,0.2796153846153845,0.2307692307692307,0.1538461538461538,0.0769230769230769,1.9215384615384608,1.2307692307692308,-2.860347164138585,465.6476475468557,398.3423619279801,-0.7254178964009518,20.33126923076923,16.31538461538462,0.5861538461538461,-0.2756693886459016,8.011538461538462,200.28451922575337,7.497543690388721,22.61308863854612,0.3065384615384615,728.0455000000001,26.349609332556177,1.0383966551408312,5.797301638651176,4.025038461538463,121.95999999999998,-0.3135701294430146,0.3456666666666665,5.820666666666666,0.2776666666666667,0.5166666666666667,0.1166666666666666,0.1666666666666666,1.9775000000000005,1.8666666666666667,-5.305174031989243,481.3263309669348,440.830048233133,-4.59104103764585,20.0277,14.543333333333331,0.5731666666666667,-0.0453092153013364,3.7653,215.32430310583536,7.873666161696351,21.449243405348945,0.2955,725.5599166666667,24.831158538314124,1.0565395082217344,6.422485988721523,3.6147,5.323875904083252,4,0,0,0.4,0.483,0.117,0.517,0.333,0.15,0.383,0.283,0.333,0.083,0.717,0.2,0.333,0.183,0.083,0.467,0.317,0.117,0.333,0.333,0.333,0.288,0.085,0.102,0.407,0.136,0.119,0.22,0.254,0.254,0.153,0.017,0.305,0.169,0.085,0.0,0.22,0.085,0.102,0.288,0.237,0.254,8.0,-420.0
O52681_T81P_FES,4,0,0,1,4,0,0,3,0,0,2,0,0,0,2,0,0,0,0,1,12,5,6,5,4,3,18,12,0,13,14,15,6,4,8,5,7,0,9,13,1778.6,-1.2043457988190576,12.69,102.7,4.3100000000000005,2,4,0,27.99,16,246.97277652072972,8335.310244439655,6381.045483735862,-30.95655032898092,364.504,332.2,9.31,-4.225274201668019,198.724,3324.3948003038013,128.1891019655727,395.6155452986106,5.0,10732.706,517.3652038593218,16.64473973422708,87.43451793880762,76.08599999999998,21736.7,-65.08364275906813,63.97,972.87,47.13999999999999,76,10,39,352.7299999999999,292,4122.492334603075,78607.88214373919,74661.66674734782,-476.31671737867873,2734.913,1839.9000000000003,95.82,-46.61880352713318,478.572,36198.1896315366,1288.3313507767034,3489.001737174676,48.68,135553.767,3812.0882191700334,171.17375081633745,1091.9805910561272,485.8860000000001,104.62352941176472,-0.070843870518768,0.7464705882352941,6.041176470588234,0.2535294117647059,0.1176470588235294,0.2352941176470588,0.0,1.646470588235294,0.9411764705882352,14.52781038357234,490.3123673199797,375.3556166903449,-1.820973548763584,21.44141176470588,19.54117647058824,0.5476470588235294,-0.2485455412745893,11.689647058823528,195.5526353119883,7.54053540973957,23.27150266462415,0.2941176470588235,631.3356470588235,30.43324728584246,0.9791023373074752,5.143206937576919,4.475647058823529,136.70880503144656,-0.4093310865350196,0.4023270440251572,6.118679245283018,0.2964779874213836,0.4779874213836478,0.0628930817610062,0.2452830188679245,2.218427672955974,1.836477987421384,25.927624745931286,494.3891958725735,469.5702311153951,-2.995702625023137,17.200710691823897,11.57169811320755,0.6026415094339622,-0.2932000221832275,3.00988679245283,227.66157000966413,8.102712897966688,21.94340715204199,0.3061635220125786,852.5394150943396,23.975397604842986,1.0765644705430029,6.8678024594724985,3.0558867924528306,5.165476799011231,2,0,0,0.258,0.497,0.245,0.453,0.327,0.22,0.459,0.314,0.226,0.126,0.73,0.145,0.396,0.22,0.126,0.308,0.421,0.245,0.327,0.333,0.34,0.272,0.108,0.241,0.304,0.285,0.089,0.329,0.196,0.146,0.152,0.063,0.165,0.152,0.114,0.07,0.228,0.12,0.222,0.158,0.234,0.222,7.0,-351.0
P27787_FES,2,1,0,0,4,1,0,1,1,0,1,0,0,0,1,4,1,0,2,0,19,8,1,11,4,6,9,11,2,6,11,4,2,3,9,17,8,1,5,13,2280.4,-5.358050466387778,10.12,120.32999999999998,4.67,8,4,6,35.940000000000005,48,2001.490473334424,10061.688266417676,7416.636040358058,-36.29764910272769,494.613,327.9,10.670000000000002,-9.515633347669034,190.07800000000003,4034.2536686968256,160.97776293423368,410.8194083442339,6.0,14700.433,552.950108214226,16.25778300797964,111.64558981393677,72.75699999999999,18792.4,-37.19758516171369,52.24,896.71,42.77,77,6,40,309.57,292,13424.070592851818,71443.12733256597,66104.28888207473,-199.8500205274053,2888.791,2056.4,87.34999999999998,-23.447509011876843,359.30600000000004,32391.859802070823,1190.551970006401,3283.3892630020623,44.58,114837.507,3649.293634176568,159.0995898538935,989.4679261953218,531.3349999999998,120.02105263157895,-0.2820026561256725,0.5326315789473685,6.333157894736841,0.2457894736842105,0.4210526315789473,0.2105263157894736,0.3157894736842105,1.8915789473684208,2.526315789473684,105.34160385970652,529.5625403377725,390.3492652820031,-1.9104025843540888,26.03226315789473,17.257894736842104,0.5615789473684212,-0.5008228077720545,10.004105263157896,212.32914045772768,8.472513838643877,21.62207412338073,0.3157894736842105,773.707,29.102637274432947,0.8556727898936652,5.876083674417724,3.829315789473684,125.28266666666664,-0.2479839010780912,0.3482666666666666,5.978066666666667,0.2851333333333333,0.5133333333333333,0.04,0.2666666666666666,2.0638,1.9466666666666668,89.49380395234546,476.2875155504398,440.6952592138316,-1.3323334701827017,19.25860666666666,13.709333333333332,0.5823333333333331,-0.1563167267458456,2.3953733333333336,215.9457320138055,7.937013133376007,21.88926175334708,0.2971999999999999,765.58338,24.328624227843783,1.06066393235929,6.596452841302145,3.542233333333332,4.864181041717529,2,0,0,0.44,0.393,0.167,0.453,0.26,0.287,0.407,0.267,0.327,0.08,0.787,0.133,0.3,0.167,0.093,0.5,0.307,0.167,0.26,0.473,0.267,0.356,0.134,0.128,0.282,0.275,0.081,0.195,0.235,0.181,0.128,0.007,0.181,0.101,0.06,0.013,0.268,0.154,0.094,0.201,0.161,0.221,7.5,-423.0
Q46FL2_SF4,1,0,0,0,2,0,0,3,1,1,0,0,0,0,2,2,1,0,0,1,31,12,16,18,2,6,40,29,15,31,34,27,11,11,17,15,12,0,10,33,1465.3,2.13899178914507,8.16,87.36999999999999,2.86,3,2,2,26.660000000000004,18,-1488.6045044002672,7692.641935406641,4904.466542997546,54.216650249165326,245.903,256.3,7.2,-2.093291198787275,92.008,2883.715329522518,131.10997629821165,326.55193825851313,4.34,9238.973,488.5235868706458,10.1496529682923,74.4466293056636,46.40200000000001,49778.1,-137.1736383943769,136.85,2248.36,110.14,175,13,115,821.39,669,8745.864238995973,178348.90859511148,174331.00347486572,-928.8273316182928,6251.071999999998,4337.8,221.01,-72.8780221184723,686.33,83806.96509444583,2951.8458845785285,8205.358421152778,110.87000000000002,308750.283,8728.297210432755,405.4471154515704,2589.067006517628,1153.671,104.66428571428573,0.1527851277960764,0.5828571428571429,6.240714285714285,0.2042857142857142,0.2142857142857142,0.1428571428571428,0.1428571428571428,1.9042857142857144,1.2857142857142858,-106.32889317144766,549.4744239576172,350.31903878553896,3.872617874940381,17.5645,18.307142857142857,0.5142857142857143,-0.1495207999133767,6.572,205.9796663944656,9.364998307015115,23.32513844703665,0.31,659.9266428571428,34.89454191933184,0.7249752120208787,5.317616378975972,3.314428571428572,134.5354054054054,-0.3707395632280457,0.3698648648648648,6.076648648648648,0.2976756756756756,0.4729729729729729,0.0351351351351351,0.3108108108108108,2.219972972972973,1.808108108108108,23.63747091620533,482.0240772840851,471.1648742563938,-2.5103441395088995,16.894789189189183,11.723783783783784,0.5973243243243243,-0.1969676273472224,1.854945945945946,226.5053110660698,7.977961850212239,22.176644381494,0.2996486486486487,834.4602243243243,23.589992460629063,1.095803014733974,6.997478395993588,3.11802972972973,13.993290901184082,4,0,0,0.284,0.484,0.232,0.462,0.322,0.216,0.476,0.268,0.257,0.105,0.738,0.157,0.357,0.214,0.146,0.33,0.432,0.232,0.322,0.349,0.33,0.279,0.141,0.236,0.285,0.195,0.138,0.247,0.225,0.165,0.144,0.051,0.236,0.173,0.081,0.098,0.276,0.171,0.206,0.198,0.225,0.244,7.0,-407.0
P80882_SF4,5,0,0,0,4,0,0,1,0,0,3,0,0,1,1,3,1,2,2,2,15,0,1,4,4,3,2,5,1,0,4,11,0,1,4,4,7,2,3,4,3245.7,-9.34856455913184,24.320000000000004,150.54999999999998,6.999999999999999,6,4,2,53.46000000000001,32,-2018.6167524520768,12749.685722665134,9706.375594010777,-61.14154940052711,615.1949999999999,381.50000000000006,15.43,-19.330963551379604,285.44800000000004,5208.635297603995,211.99294913691983,485.7105217518762,8.43,19446.61,625.6756576647756,23.173211219863784,152.8078295396787,99.025,9410.6,-13.744432054635633,19.82,478.4,21.67,30,4,19,146.21,136,-831.2588845336322,35851.572016926424,33153.737867434764,-104.10428051269795,1453.3959999999995,1012.4,43.62,-16.666277490651463,264.118,16268.708871529408,572.4826067478273,1763.2782845082818,21.950000000000003,61868.07800000001,1897.9968974897663,81.44353591116204,477.5190974609714,273.268,129.828,-0.3739425823652736,0.9728,6.021999999999999,0.2799999999999999,0.24,0.16,0.08,2.1384000000000003,1.28,-80.74467009808309,509.9874289066054,388.255023760431,-2.4456619760210843,24.6078,15.260000000000002,0.6172000000000001,-0.7732385420551842,11.417920000000002,208.34541190415985,8.479717965476794,19.428420870075048,0.3372,777.8644,25.027026306591026,0.9269284487945514,6.112313181587147,3.961,125.47466666666664,-0.1832590940618084,0.2642666666666666,6.378666666666667,0.2889333333333334,0.4,0.0533333333333333,0.2533333333333333,1.949466666666667,1.8133333333333328,-11.083451793781762,478.02096022568566,442.0498382324635,-1.3880570735026394,19.37861333333333,13.498666666666663,0.5816,-0.2222170332086862,3.521573333333333,216.9161182870588,7.633101423304364,23.51037712677709,0.2926666666666667,824.9077066666667,25.306625299863555,1.0859138121488272,6.3669212994796185,3.643573333333333,6.0850911140441895,4,0,1,0.467,0.293,0.24,0.467,0.28,0.253,0.48,0.28,0.24,0.147,0.773,0.08,0.24,0.133,0.16,0.52,0.187,0.24,0.28,0.52,0.2,0.297,0.297,0.108,0.23,0.203,0.203,0.297,0.351,0.135,0.23,0.041,0.122,0.081,0.014,0.027,0.23,0.324,0.068,0.419,0.014,0.284,7.0,351.0
O52681_V128L_FES,4,0,0,1,4,0,0,3,0,0,3,0,0,0,1,0,1,0,0,0,12,5,6,5,4,3,18,12,0,13,15,15,6,4,7,5,8,0,9,12,1808.7,-2.81959680639898,12.71,101.52,4.51,3,4,0,27.270000000000003,19,-971.9307477770232,7930.1616892911,6624.102545270152,-38.87060895920629,412.457,350.1,9.35,-5.960752684402978,214.852,3342.224107614632,115.12764490411564,398.3692575361938,4.84,10780.574,484.9150614091794,17.552764234349706,88.86328622031377,81.473,21766.8,-66.69889376664804,63.99,971.69,47.34,77,10,39,352.01,295,2903.5888103053258,78202.73358859065,74904.7238088821,-484.2307760089041,2782.8659999999995,1857.8000000000004,95.86,-48.35428200986814,494.7,36216.01893884742,1275.2698937152463,3491.75544941226,48.52,135601.635,3779.638076719892,172.08177531646007,1093.4093593376333,491.27300000000014,106.3941176470588,-0.1658586356705282,0.7476470588235294,5.971764705882353,0.2652941176470588,0.1764705882352941,0.2352941176470588,0.0,1.6041176470588236,1.1176470588235294,-57.1723969280602,466.4800993700647,389.6530908982442,-2.286506409365076,24.26217647058823,20.594117647058823,0.5499999999999999,-0.350632510847234,12.638352941176471,196.6014180949784,6.772214406124449,23.433485737423165,0.2847058823529411,634.1514117647059,28.52441537701056,1.0325155431970414,5.227252130606693,4.792529411764706,136.89811320754717,-0.4194898979034468,0.4024528301886792,6.11125786163522,0.2977358490566038,0.4842767295597484,0.0628930817610062,0.2452830188679245,2.2138993710691826,1.8553459119496856,18.261564844687584,491.84109175214246,471.09889187976165,-3.045476578672353,17.50230188679245,11.684276729559752,0.6028930817610064,-0.3041149811941392,3.111320754716981,227.77370401790827,8.020565369278279,21.96072609693245,0.3051572327044025,852.8404716981132,23.77130865861567,1.0822753164557235,6.876788423507128,3.0897672955974853,5.305030822753906,2,0,0,0.264,0.491,0.245,0.453,0.327,0.22,0.465,0.314,0.22,0.126,0.73,0.145,0.396,0.214,0.126,0.308,0.421,0.245,0.327,0.333,0.34,0.259,0.108,0.241,0.304,0.285,0.089,0.329,0.196,0.146,0.152,0.063,0.165,0.152,0.114,0.07,0.228,0.12,0.222,0.158,0.234,0.222,7.0,-399.0
P00264_SF4,2,0,1,1,3,4,0,1,0,0,0,0,1,2,1,0,1,1,0,0,10,0,4,6,4,11,5,3,2,0,4,1,1,3,6,4,2,2,1,2,2362.5,-7.42740908875667,11.03,104.79999999999998,5.02,8,4,6,34.45,42,-3348.277628526061,9210.768877983044,8044.827976762888,-101.6119699799759,411.1409999999999,262.90000000000003,10.48,-6.169468486136079,148.834,4046.206663965986,139.46540665861494,372.2311476813558,5.46,13689.258,443.834940906187,18.221326878115608,111.04428076405182,65.92699999999999,8965.1,-25.723777090568767,21.87,402.72,20.8,44,5,22,134.26,163,-6267.500330656671,33952.186732133254,32981.35029320397,-313.30401012123934,1420.816,950.3,40.75,-4.210527689873449,183.838,15701.112448317566,534.7358435256692,1506.2310384200982,19.95,50925.10899999999,1646.77378409731,80.80448587966335,466.8025012537777,262.222,131.25,-0.4126338382642595,0.6127777777777779,5.822222222222221,0.2788888888888888,0.4444444444444444,0.2222222222222222,0.3333333333333333,1.913888888888889,2.333333333333333,-186.0154238070034,511.70938211016914,446.9348875979383,-5.645109443331994,22.841166666666663,14.605555555555558,0.5822222222222222,-0.3427482492297822,8.268555555555556,224.78925910922143,7.74807814770083,20.679508204519767,0.3033333333333333,760.5143333333333,24.65749671701039,1.0122959376730891,6.16912670911399,3.662611111111111,126.26901408450703,-0.3623067195854756,0.3080281690140845,5.672112676056338,0.2929577464788732,0.6197183098591549,0.0704225352112676,0.3098591549295774,1.8909859154929576,2.295774647887324,-88.27465254446015,478.1998131286374,464.5260604676615,-4.412732536918864,20.01149295774648,13.384507042253524,0.573943661971831,-0.059303206899626,2.5892676056338018,221.1424288495432,7.531490753882665,21.214521667888707,0.2809859154929577,717.255056338028,23.193996959117044,1.1380913504177936,6.574683116250391,3.6932676056338014,8.683514595031738,4,0,1,0.352,0.507,0.141,0.394,0.38,0.225,0.479,0.197,0.324,0.014,0.831,0.155,0.239,0.366,0.042,0.437,0.366,0.141,0.38,0.394,0.225,0.371,0.086,0.143,0.357,0.214,0.157,0.157,0.343,0.129,0.014,0.014,0.3,0.171,0.014,0.029,0.343,0.114,0.086,0.343,0.171,0.143,8.0,280.0
P11425_SF4_proximal,1,0,0,1,2,1,0,1,0,0,0,0,0,0,1,0,0,0,0,1,4,0,3,6,8,2,3,6,1,5,2,3,1,0,3,2,2,0,0,8,873.3000000000001,-1.7561449887139244,4.34,46.3,1.9,3,2,1,14.32,15,-586.3157872875532,4179.016701381408,3063.0372246035213,-41.38719859037329,166.04899999999998,137.29999999999998,4.379999999999999,-0.3936819698444639,69.328,1631.7128346502948,68.73553592377128,167.6432080997829,2.48,5033.478,238.044242141301,7.145395265211069,43.78210082760571,29.545,7151.799999999999,-19.83898032020237,27.93,346.29999999999995,15.19,27,9,10,124.67000000000004,109,-7138.3808853992805,29761.95175882769,24460.00361332546,-253.87418303431605,1182.088,881.5,33.800000000000004,-7.748401826987852,278.862,12655.183575861816,506.95694793324486,1230.3823041325952,18.61,42537.885,1569.0028798980234,54.70803546567562,372.6246677433709,194.919,109.1625,-0.2195181235892405,0.5425,5.7875,0.2375,0.375,0.25,0.125,1.79,1.875,-73.28947341094415,522.377087672676,382.87965307544016,-5.173399823796661,20.756125,17.162499999999998,0.5474999999999999,-0.0492102462305579,8.666,203.96410433128685,8.59194199047141,20.955401012472866,0.31,629.18475,29.755530267662625,0.8931744081513836,5.472762603450714,3.693125,121.21694915254236,-0.3362539037322436,0.4733898305084745,5.869491525423728,0.257457627118644,0.4576271186440678,0.1525423728813559,0.1694915254237288,2.1130508474576275,1.847457627118644,-120.9895065321912,504.4398603191135,414.5763324292451,-4.302952254818916,20.035389830508475,14.940677966101696,0.5728813559322035,-0.1313288445252178,4.726474576271186,214.49463687901385,8.592490642936353,20.85393735817958,0.3154237288135593,720.9811016949153,26.59326915081396,0.9272548384012818,6.315672334633406,3.30371186440678,2.964627742767334,4,0,0,0.339,0.576,0.085,0.559,0.288,0.153,0.271,0.39,0.339,0.051,0.797,0.153,0.407,0.186,0.068,0.39,0.39,0.085,0.288,0.305,0.407,0.397,0.052,0.103,0.328,0.19,0.103,0.259,0.19,0.293,0.103,0.0,0.224,0.172,0.086,0.017,0.241,0.052,0.103,0.155,0.276,0.328,7.0,-333.0
P11425_SF4_distal,0,0,0,0,0,0,0,0,0,0,0,0,0,0,0,0,0,0,0,0,4,0,3,6,8,2,3,6,1,5,2,3,1,0,3,2,2,0,0,8,0.0,0.0,0.0,0.0,0.0,0,0,0,0.0,0,0.0,0.0,0.0,0.0,0.0,0.0,0.0,0.0,0.0,0.0,0.0,0.0,0.0,0.0,0.0,0.0,0.0,0.0,7151.799999999999,-19.83898032020237,27.93,346.29999999999995,15.19,27,9,10,124.67000000000004,109,-7138.3808853992805,29761.95175882769,24460.00361332546,-253.87418303431605,1182.088,881.5,33.800000000000004,-7.748401826987852,278.862,12655.183575861816,506.95694793324486,1230.3823041325952,18.61,42537.885,1569.0028798980234,54.70803546567562,372.6246677433709,194.919,0.0,0.0,0.0,0.0,0.0,0.0,0.0,0.0,0.0,0.0,0.0,0.0,0.0,0.0,0.0,0.0,0.0,0.0,0.0,0.0,0.0,0.0,0.0,0.0,0.0,0.0,0.0,0.0,121.21694915254236,-0.3362539037322436,0.4733898305084745,5.869491525423728,0.257457627118644,0.4576271186440678,0.1525423728813559,0.1694915254237288,2.1130508474576275,1.847457627118644,-120.9895065321912,504.4398603191135,414.5763324292451,-4.302952254818916,20.035389830508475,14.940677966101696,0.5728813559322035,-0.1313288445252178,4.726474576271186,214.49463687901385,8.592490642936353,20.85393735817958,0.3154237288135593,720.9811016949153,26.59326915081396,0.9272548384012818,6.315672334633406,3.30371186440678,13.658556938171388,4,0,0,0.339,0.576,0.085,0.559,0.288,0.153,0.271,0.39,0.339,0.051,0.797,0.153,0.407,0.186,0.068,0.39,0.39,0.085,0.288,0.305,0.407,0.397,0.052,0.103,0.328,0.19,0.103,0.259,0.19,0.293,0.103,0.0,0.224,0.172,0.086,0.017,0.241,0.052,0.103,0.155,0.276,0.328,7.0,-333.0
P00266_SF4,4,0,2,1,4,2,0,1,0,3,0,1,0,2,1,0,0,0,3,1,11,1,4,2,4,4,1,6,0,4,0,6,1,2,3,5,3,0,3,3,3357.4,-15.001924145933794,17.8,152.45000000000002,6.85,9,4,5,55.620000000000005,48,-1304.7930357931514,13357.530543584957,10512.267246314184,-165.93940357880075,545.958,336.79999999999995,15.14,-14.812413173897248,195.634,5572.301345573603,220.9596010498219,508.71060337868647,8.290000000000001,20481.512,631.5214141767818,23.39541618283929,161.81656655424757,85.135,7688.100000000001,-11.519771555066308,18.450000000000003,399.3299999999999,17.319999999999997,25,5,17,120.71000000000002,122,2967.821106774968,30560.06220018372,27100.82729394984,-43.74521546870817,1210.063,942.4,35.83,-13.44684451691912,197.87,13622.602282681752,476.7919317430078,1503.1872531841948,18.51,49889.38700000001,1672.2522654770412,64.95871698361638,383.57030671104815,232.07299999999995,134.296,-0.6000769658373517,0.7120000000000001,6.098000000000001,0.2739999999999999,0.36,0.16,0.2,2.2248,1.92,-52.19172143172605,534.3012217433982,420.4906898525673,-6.63757614315203,21.83832,13.471999999999998,0.6056,-0.59249652695589,7.82536,222.8920538229441,8.838384041992876,20.348424135147457,0.3316,819.2604800000001,25.260856567071272,0.9358166473135718,6.472662662169903,3.4054,122.03333333333336,-0.1828535167470842,0.2928571428571429,6.338571428571427,0.2749206349206348,0.3968253968253968,0.0793650793650793,0.2698412698412698,1.9160317460317464,1.9365079365079363,47.10827153611061,485.0803523838686,430.1718618087276,-0.6943684995033043,19.207349206349203,14.95873015873016,0.5687301587301588,-0.2134419764590336,3.140793650793651,216.23178226478973,7.568125900682664,23.860115129907854,0.2938095238095238,791.8950317460319,26.54368675360383,1.031090745771689,6.088417566842034,3.683698412698412,5.912142753601074,4,0,1,0.429,0.365,0.206,0.476,0.286,0.238,0.381,0.302,0.317,0.111,0.841,0.048,0.27,0.19,0.111,0.476,0.254,0.206,0.286,0.492,0.222,0.21,0.129,0.177,0.29,0.274,0.145,0.242,0.29,0.21,0.145,0.0,0.097,0.177,0.065,0.016,0.145,0.129,0.145,0.242,0.194,0.161,7.0,380.0
Q9X115_SF4_proximal,3,0,1,0,5,0,0,3,0,2,0,2,0,1,1,0,0,0,0,4,5,12,6,3,8,0,4,20,0,5,2,5,3,4,5,1,0,2,3,7,2635.9,-3.398849173710776,17.04,143.42000000000002,5.460000000000001,1,5,3,46.74,26,-700.8011634967797,11493.370508032274,8163.301620232201,-33.15043158249719,421.147,347.1000000000001,12.990000000000002,-9.270192782896222,227.104,4525.498115397364,193.2753935334821,493.079394419401,7.53,17503.923000000003,664.6291493092965,18.18558901756176,123.72493447772425,72.429,12092.4,-20.452496755673,31.06,634.7,24.42,24,11,49,179.26,195,38285.147266277294,49339.921115981255,43846.82265707785,-26.55282674715076,1459.686,1535.4,51.79,-27.315895029602466,349.126,22094.72120254876,686.4358634913708,2542.8589888516794,27.37,83819.26000000001,2874.093322832281,92.8701681361093,556.4469312161491,307.517,119.81363636363636,-0.1544931442595807,0.7745454545454545,6.5190909090909095,0.2481818181818182,0.0454545454545454,0.2272727272727272,0.1363636363636363,2.1245454545454545,1.181818181818182,-31.85459834076272,522.4259321832852,371.05916455600914,-1.5068377992044175,19.14304545454545,15.777272727272733,0.5904545454545456,-0.4213723992225555,10.322909090909093,205.7044597907893,8.785245160612822,22.41269974633641,0.3422727272727273,795.6328636363637,30.210415877695297,0.8266176826164436,5.623860658078375,3.292227272727273,127.28842105263158,-0.2152894395333999,0.3269473684210526,6.681052631578948,0.2570526315789473,0.2526315789473684,0.1157894736842105,0.5157894736842106,1.8869473684210525,2.0526315789473686,403.00155017134,519.3675906945396,461.545501653451,-0.2795034394436921,15.365115789473684,16.162105263157894,0.5451578947368421,-0.2875357371537101,3.675010526315789,232.576012658408,7.225640668330219,26.76693672475452,0.2881052631578947,882.3080000000001,30.253613924550333,0.9775807172222032,5.857336118064727,3.237021052631579,5.18434476852417,4,0,0,0.305,0.389,0.305,0.558,0.316,0.126,0.326,0.305,0.368,0.179,0.747,0.074,0.358,0.158,0.179,0.358,0.253,0.305,0.316,0.358,0.326,0.213,0.34,0.213,0.457,0.128,0.096,0.213,0.372,0.245,0.362,0.0,0.128,0.149,0.138,0.011,0.202,0.372,0.128,0.34,0.213,0.277,8.0,-570.0
Q9X115_SF4_distal,1,1,0,0,5,0,0,1,0,3,0,2,0,1,2,0,0,0,0,3,5,12,6,3,8,0,4,20,0,5,2,5,3,4,5,1,0,2,3,7,2537.2000000000003,-3.4870194793435623,17.310000000000002,130.1,4.67,0,5,5,48.11,28,2268.8276085874936,10989.254919916686,7182.69788761926,-69.81796739123376,352.725,217.1,11.77,-9.907487383229842,223.85,4120.353848762363,206.973643431732,393.4757706036034,7.099999999999999,17740.429,591.0797394598866,13.783535516319365,124.35602879160264,44.51800000000001,12092.4,-20.452496755673,31.06,634.7,24.42,24,11,49,179.26,195,38285.147266277294,49339.921115981255,43846.82265707785,-26.55282674715076,1459.686,1535.4,51.79,-27.315895029602466,349.126,22094.72120254876,686.4358634913708,2542.8589888516794,27.37,83819.26000000001,2874.093322832281,92.8701681361093,556.4469312161491,307.517,133.53684210526316,-0.1835273410180822,0.9110526315789474,6.847368421052631,0.2457894736842105,0.0,0.2631578947368421,0.2631578947368421,2.532105263157894,1.4736842105263157,119.41197939934176,578.3818378903519,378.0367309273295,-3.674629862696514,18.56447368421053,11.426315789473684,0.6194736842105263,-0.521446704380518,11.781578947368422,216.8607288822296,10.893349654301682,20.70925108440018,0.3736842105263157,933.7067894736842,31.10945997157297,0.7254492377010192,6.545054146926454,2.343052631578948,127.28842105263158,-0.2152894395333999,0.3269473684210526,6.681052631578948,0.2570526315789473,0.2526315789473684,0.1157894736842105,0.5157894736842106,1.8869473684210525,2.0526315789473686,403.00155017134,519.3675906945396,461.545501653451,-0.2795034394436921,15.365115789473684,16.162105263157894,0.5451578947368421,-0.2875357371537101,3.675010526315789,232.576012658408,7.225640668330219,26.76693672475452,0.2881052631578947,882.3080000000001,30.253613924550333,0.9775807172222032,5.857336118064727,3.237021052631579,7.258875846862793,4,0,0,0.305,0.389,0.305,0.558,0.316,0.126,0.326,0.305,0.368,0.179,0.747,0.074,0.358,0.158,0.179,0.358,0.253,0.305,0.316,0.358,0.326,0.213,0.34,0.213,0.457,0.128,0.096,0.213,0.372,0.245,0.362,0.0,0.128,0.149,0.138,0.011,0.202,0.372,0.128,0.34,0.213,0.277,8.0,-380.0
O52681_V128Y_FES,4,0,0,1,4,0,0,3,0,0,2,0,0,0,1,0,1,0,1,0,12,5,6,5,4,3,18,12,0,13,14,15,6,4,7,5,8,0,10,12,1835.6,-4.565192022826903,11.97,101.14,4.37,4,4,0,27.62,22,-834.2036266534825,8277.125791855202,6558.555731737501,-50.271652134812726,408.901,347.70000000000005,9.31,-7.061334280822988,205.148,3397.414583805108,120.24661926309,392.6902646172324,4.94,10869.482000000002,492.0678819219999,16.904455815781652,87.67917921795343,79.473,21793.7,-68.44448898307597,63.25,971.31,47.2,78,10,39,352.36,298,3041.315931428864,78549.69769115474,74839.17699534945,-495.63181918451056,2779.3099999999995,1855.4000000000003,95.82,-49.45486360628814,484.996,36271.2094150379,1280.388868074221,3486.076456493298,48.620000000000005,135690.543,3786.790897232712,171.433466897892,1092.225252335273,489.27300000000014,107.97647058823529,-0.2685407072251119,0.7041176470588235,5.949411764705881,0.2570588235294118,0.2352941176470588,0.2352941176470588,0.0,1.6247058823529412,1.2941176470588236,-49.07080156785191,486.8897524620707,385.7973959845589,-2.9571560079301604,24.053,20.452941176470592,0.5476470588235295,-0.4153726047542934,12.067529411764706,199.84791669441813,7.073330544887647,23.099427330425435,0.2905882352941176,639.3812941176471,28.945169524823523,0.9943797538695088,5.1575987775266725,4.674882352941176,137.06729559748425,-0.4304684841702891,0.3977987421383648,6.108867924528302,0.2968553459119497,0.490566037735849,0.0628930817610062,0.2452830188679245,2.216100628930817,1.874213836477988,19.127773153640653,494.0232559192122,470.6866477694934,-3.1171812527327707,17.479937106918236,11.66918238993711,0.6026415094339623,-0.3110368780269694,3.050289308176101,228.12081393105595,8.052760176567425,21.925009160335208,0.3057861635220126,853.399641509434,23.816294951149136,1.078197905018189,6.869341209655804,3.077188679245284,4.629488468170166,2,0,0,0.264,0.484,0.252,0.447,0.327,0.226,0.459,0.321,0.22,0.126,0.73,0.145,0.396,0.214,0.126,0.308,0.415,0.252,0.327,0.34,0.333,0.259,0.108,0.241,0.304,0.272,0.089,0.335,0.19,0.152,0.152,0.063,0.165,0.152,0.114,0.07,0.222,0.127,0.215,0.158,0.234,0.222,7.0,-347.0
O52681_V128N_FES,4,0,1,1,4,0,0,3,0,0,2,0,0,0,1,0,1,0,0,0,12,5,7,5,4,3,18,12,0,13,14,15,6,4,7,5,8,0,9,12,1756.1,-2.763559676593734,10.41,102.0,4.33,4,4,1,26.28,24,-915.6642553751014,8046.059125188535,6604.996973422645,-45.52270165162552,418.557,360.1,9.080000000000002,-4.206622845925565,185.852,3369.4300876810767,116.1056668821376,408.5217502048155,4.75,10517.638,500.4755009696189,17.24924517276613,87.78117478336361,81.77300000000001,21714.2,-66.64285663684281,61.69,972.1699999999998,47.16,78,10,40,351.02,300,2959.855302707245,78318.63102448809,74885.61823703459,-490.8828687013234,2788.9659999999994,1867.8000000000004,95.59000000000002,-46.60015217139072,465.7,36243.22491891387,1276.2479156932682,3501.907942080881,48.43000000000001,135338.699,3795.198516280331,171.7782562548765,1092.327247900683,491.5730000000002,103.3,-0.1625623339172784,0.6123529411764705,6.0,0.2547058823529411,0.2352941176470588,0.2352941176470588,0.0588235294117647,1.5458823529411765,1.411764705882353,-53.862603257358906,473.2975955993256,388.52923373074384,-2.6778059795073834,24.621,21.18235294117647,0.5341176470588236,-0.2474484027015038,10.932470588235294,198.2017698635928,6.8297451107139775,24.03069118851856,0.2794117647058823,618.6845882352942,29.43973535115405,1.0146614807509489,5.163598516668448,4.810176470588236,136.56729559748428,-0.4191374631247975,0.3879874213836478,6.114276729559747,0.2966037735849056,0.490566037735849,0.0628930817610062,0.2515723270440251,2.2076729559748425,1.8867924528301887,18.61544215539148,492.5700064433213,470.978731050532,-3.0873136396309646,17.540666666666663,11.747169811320758,0.6011949685534592,-0.2930827180590611,2.928930817610063,227.94481081077905,8.026716450901057,22.02457825208101,0.3045911949685535,851.186786163522,23.86917305836686,1.0803663915401038,6.869982691199264,3.091654088050316,5.162646293640137,2,0,0,0.264,0.491,0.245,0.447,0.333,0.22,0.459,0.314,0.226,0.126,0.73,0.145,0.39,0.22,0.126,0.308,0.421,0.245,0.333,0.333,0.333,0.259,0.108,0.241,0.304,0.272,0.101,0.329,0.196,0.146,0.152,0.063,0.165,0.152,0.114,0.07,0.228,0.12,0.222,0.165,0.241,0.215,7.0,-277.0
P50727_SF4,4,0,0,2,4,0,0,3,0,3,0,1,0,2,1,1,2,0,0,1,9,0,1,12,4,0,10,6,0,6,3,5,2,4,5,1,4,0,3,7,2813.3,-4.912214812584075,16.270000000000003,143.12,6.09,7,4,1,49.45000000000001,32,-2635.456473445656,12068.504658359068,9227.69962937827,-47.43050598107303,523.872,404.6,13.71,-7.620268345224671,190.234,4959.087952212835,203.58198200220284,509.9748292612053,7.619999999999999,16946.359,657.1352359106038,21.64134269535117,142.7908216487466,90.611,10529.7,-40.10634519327102,29.3,449.26,23.51,53,6,6,175.11,144,-7805.309557018512,39980.65488649352,37361.58817486636,-471.21466766872544,1561.0549999999998,1069.4999999999998,48.06,-6.480243965326941,161.75399999999996,18115.636025300515,672.8450245444558,1626.968052801736,24.550000000000004,58547.588,1856.4203522270363,89.1266737630893,558.0304525079729,280.395,117.2208333333333,-0.2046756171910031,0.6779166666666668,5.963333333333334,0.25375,0.2916666666666667,0.1666666666666666,0.0416666666666666,2.0604166666666672,1.3333333333333333,-109.810686393569,502.8543607649612,384.48748455742793,-1.9762710825447096,21.828,16.85833333333333,0.57125,-0.317511181051028,7.9264166666666656,206.6286646755348,8.482582583425119,21.248951219216888,0.3174999999999999,706.0982916666667,27.380634829608493,0.9017226123062988,5.949617568697775,3.775458333333333,128.4109756097561,-0.4891017706496465,0.3573170731707317,5.478780487804878,0.2867073170731707,0.6463414634146342,0.073170731707317,0.073170731707317,2.135487804878049,1.7560975609756098,-95.18670191485992,487.5689620304087,455.6291240837361,-5.746520337423481,19.037256097560974,13.042682926829263,0.5860975609756097,-0.0790273654308163,1.9726097560975608,220.9223905524453,8.205427128590925,19.84107381465532,0.299390243902439,713.9949756097561,22.639272588134588,1.0869106556474304,6.805249420828938,3.419451219512195,5.155068874359131,4,0,0,0.39,0.439,0.171,0.476,0.341,0.183,0.354,0.341,0.305,0.061,0.671,0.268,0.354,0.195,0.061,0.451,0.329,0.171,0.341,0.341,0.317,0.37,0.148,0.136,0.284,0.16,0.148,0.247,0.272,0.222,0.099,0.025,0.358,0.136,0.062,0.012,0.296,0.16,0.123,0.235,0.198,0.284,7.0,-385.0
P00208_C58A_SF4_proximal,1,0,1,2,5,0,2,0,0,3,0,0,0,0,1,0,1,0,1,4,4,2,2,6,8,2,14,5,0,7,3,2,2,0,5,4,6,0,3,6,2726.7,-13.717028466538434,16.81,116.71999999999998,5.39,11,5,1,53.94,42,-5028.083250989269,11428.564097775869,8036.475911120255,-198.4702388032392,494.454,256.79999999999995,13.130000000000004,-7.413247569190162,182.2,4410.591097411416,225.95146496205348,331.3391342603432,7.74,15145.055,521.8737738514209,17.13332714749835,146.61330993209012,59.347,10356.6,-39.21450074329131,29.699999999999992,447.6700000000001,22.680000000000007,57,10,12,174.91,183,-7372.730453061818,40339.014693407735,36263.81886241785,-415.29650930925374,1612.274,1052.2,47.620000000000005,-8.59877090192067,293.93999999999994,17697.803833575166,696.9593122039641,1569.3748622769815,24.94,57696.023,1934.547580404632,84.71437412935478,548.4026656121296,257.945,129.84285714285713,-0.6531918317399255,0.8004761904761905,5.5580952380952375,0.2566666666666666,0.5238095238095238,0.238095238095238,0.0476190476190476,2.5685714285714285,2.0,-239.43253576139367,544.217337989327,382.6893291009645,-9.4509637525352,23.54542857142857,12.228571428571426,0.6252380952380954,-0.3530117890090553,8.676190476190476,210.0281474957817,10.759593569621597,15.778054012397297,0.3685714285714286,721.1930952380952,24.8511320881629,0.8158727213094452,6.981586187242387,2.826047619047619,127.85925925925926,-0.4841296388060656,0.3666666666666666,5.526790123456791,0.2800000000000001,0.7037037037037037,0.1234567901234567,0.1481481481481481,2.159382716049383,2.259259259259259,-91.02136361804716,498.0125270791078,447.7014674372574,-5.127117398879676,19.904617283950618,12.990123456790124,0.5879012345679013,-0.1061576654558107,3.628888888888888,218.49140535277985,8.60443595313536,19.374998299715823,0.3079012345679012,712.2965802469135,23.883303461785577,1.045856470732775,6.770403279162093,3.184506172839506,5.600997447967529,4,0,0,0.309,0.58,0.111,0.407,0.346,0.247,0.358,0.37,0.272,0.049,0.704,0.247,0.358,0.284,0.049,0.37,0.42,0.111,0.346,0.333,0.321,0.388,0.075,0.113,0.312,0.175,0.212,0.275,0.212,0.175,0.075,0.025,0.35,0.2,0.05,0.013,0.388,0.075,0.113,0.312,0.212,0.175,7.0,-590.0
P00208_C58A_SF4_distal,2,0,1,0,5,1,3,1,0,2,2,0,0,0,1,1,1,0,0,2,4,2,2,6,8,2,14,5,0,7,3,2,2,0,5,4,6,0,3,6,2717.4999999999995,-9.109377087774924,15.960000000000004,125.77999999999996,6.11,10,5,2,47.16000000000001,43,-3796.953585980789,10874.760516172284,8924.880464139538,-109.57447687325164,507.911,318.20000000000005,13.35,-7.017334631926324,226.056,4500.865442005563,191.1669024874909,413.71165998279525,7.24,15368.636,554.6737209413681,21.61803193667636,139.7739129447293,76.561,10356.6,-39.21450074329131,29.699999999999992,447.6700000000001,22.680000000000007,57,10,12,174.91,183,-7372.730453061818,40339.014693407735,36263.81886241785,-415.29650930925374,1612.274,1052.2,47.620000000000005,-8.59877090192067,293.93999999999994,17697.803833575166,696.9593122039641,1569.3748622769815,24.94,57696.023,1934.547580404632,84.71437412935478,548.4026656121296,257.945,123.52272727272724,-0.4140625948988601,0.7254545454545456,5.717272727272726,0.2777272727272727,0.4545454545454545,0.2272727272727272,0.0909090909090909,2.143636363636364,1.9545454545454544,-172.5887993627631,494.30729618964926,405.67638473361535,-4.980658039693257,23.086863636363635,14.463636363636368,0.6068181818181819,-0.318969755996651,10.275272727272728,204.58479281843464,8.689404658522315,18.805075453763425,0.3290909090909091,698.5743636363636,25.212441860971275,0.9826378153034708,6.353359679305877,3.4800454545454547,127.85925925925926,-0.4841296388060656,0.3666666666666666,5.526790123456791,0.2800000000000001,0.7037037037037037,0.1234567901234567,0.1481481481481481,2.159382716049383,2.259259259259259,-91.02136361804716,498.0125270791078,447.7014674372574,-5.127117398879676,19.904617283950618,12.990123456790124,0.5879012345679013,-0.1061576654558107,3.628888888888888,218.49140535277985,8.60443595313536,19.374998299715823,0.3079012345679012,712.2965802469135,23.883303461785577,1.045856470732775,6.770403279162093,3.184506172839506,7.78748083114624,4,0,0,0.309,0.58,0.111,0.407,0.346,0.247,0.358,0.37,0.272,0.049,0.704,0.247,0.358,0.284,0.049,0.37,0.42,0.111,0.346,0.333,0.321,0.388,0.075,0.113,0.312,0.175,0.212,0.275,0.212,0.175,0.075,0.025,0.35,0.2,0.05,0.013,0.388,0.075,0.113,0.312,0.212,0.175,7.0,-451.0
Q46FL1_SF4,1,1,0,0,2,0,0,4,0,1,0,0,0,0,0,0,0,0,0,1,20,14,9,12,8,6,23,28,0,27,19,23,6,5,10,20,6,0,8,21,1026.1,0.165034446324878,5.4,65.89,2.21,0,2,3,15.02,13,3114.1575353156204,4892.505590270296,3866.911080812672,51.32257514651148,142.951,233.9,5.05,-3.5241496624679214,85.734,2059.756539978025,57.93040771864315,288.0754303220052,2.84,7090.508000000001,348.28569513275403,8.779708990701266,40.36027076224623,39.496,34721.8,-77.566958484032,89.42,1649.89,76.03,119,14,80,557.6399999999999,508,37252.89760882842,128161.36780535428,122212.29809635546,-318.8219526281498,4472.345,3509.0,155.12,-61.96192837946626,594.83,59464.77310370444,2019.7554873373108,6141.645824084414,79.09,222160.313,6642.20141651735,280.7899625949012,1737.7736757942014,849.216,102.61,0.0165034446324878,0.5399999999999999,6.589,0.221,0.0,0.2,0.3,1.5020000000000002,1.3,311.415753531562,489.2505590270296,386.6911080812672,5.132257514651148,14.2951,23.39,0.505,-0.3524149662467921,8.5734,205.9756539978025,5.793040771864315,28.80754303220052,0.284,709.0508000000001,34.828569513275404,0.8779708990701266,4.036027076224623,3.9496,131.0256603773585,-0.2927055037133283,0.3374339622641509,6.226,0.2869056603773585,0.4490566037735849,0.0528301886792452,0.3018867924528302,2.1043018867924523,1.916981132075472,140.5769721087865,483.6278030390727,461.1784833824734,-1.203101708030754,16.87677358490566,13.241509433962264,0.5853584905660377,-0.2338185976583632,2.2446415094339622,224.39537020265823,7.621718820140796,23.176021977677035,0.2984528301886792,838.340803773585,25.064911005725847,1.059584764509061,6.557636512430949,3.204588679245283,6.6924920082092285,4,0,0,0.325,0.464,0.211,0.483,0.328,0.189,0.419,0.283,0.298,0.14,0.728,0.132,0.355,0.181,0.14,0.362,0.396,0.211,0.328,0.347,0.325,0.307,0.133,0.201,0.28,0.197,0.11,0.197,0.242,0.182,0.186,0.038,0.189,0.106,0.08,0.064,0.284,0.148,0.178,0.201,0.189,0.239,7.0,-256.0
P73276_F3S,1,0,0,0,0,2,1,1,0,0,0,0,0,0,1,1,0,0,0,0,30,21,14,18,3,37,29,36,8,19,58,10,10,7,26,36,18,9,9,36,776.4000000000001,0.0992922615227622,-0.09,39.07,2.02,5,0,2,9.94,17,62.29941342246505,3113.59584859585,3244.659408111071,21.486029282274707,91.157,104.6,3.73,1.8384229840952413,-3.7,1467.3123996783747,42.51703296703292,167.30331262939958,1.71,4232.409,180.7936507936508,8.669392278650593,38.0053014249178,26.229000000000003,57482.3,-132.18350193289066,187.29,2616.66,127.08,208,13,149,922.33,851,14787.569597968526,209372.2261418693,201423.7429881472,-665.6375167664886,7698.928999999999,5457.4,255.88,-104.80375910503012,1126.336,97542.11527233906,3392.690372010027,9615.41406030322,128.8,352234.438,10439.910145852313,465.0348683557321,2934.474973570255,1409.048,110.91428571428573,0.014184608788966,-0.0128571428571428,5.581428571428572,0.2885714285714286,0.7142857142857143,0.0,0.2857142857142857,1.4200000000000002,2.4285714285714284,8.899916203209292,444.7994069422643,463.5227725872959,3.069432754610673,13.022428571428572,14.94285714285714,0.5328571428571428,0.2626318548707487,-0.5285714285714286,209.61605709691068,6.073861852433274,23.90047323277137,0.2442857142857142,604.6298571428571,25.827664399092964,1.238484611235799,5.4293287749882575,3.747,132.44769585253457,-0.3045702809513609,0.4315437788018433,6.029170506912442,0.292811059907834,0.4792626728110599,0.0299539170506912,0.3433179723502304,2.125184331797235,1.9608294930875576,34.07274100914407,482.4244841978555,464.11000688513167,-1.5337269971578078,17.73946774193548,12.574654377880185,0.5895852534562211,-0.2414833159102076,2.595244239631336,224.7514176782006,7.81725892168209,22.15533193618253,0.2967741935483871,811.6000875576037,24.055092501963856,1.0715089132620554,6.761463072742523,3.2466543778801844,27.706323623657227,3,0,0,0.318,0.512,0.171,0.456,0.297,0.247,0.468,0.233,0.3,0.071,0.82,0.108,0.348,0.244,0.09,0.378,0.445,0.171,0.297,0.376,0.327,0.339,0.122,0.152,0.256,0.226,0.122,0.219,0.282,0.134,0.111,0.018,0.171,0.15,0.067,0.042,0.365,0.129,0.143,0.206,0.173,0.289,8.0,-15.0
P00200_SF4_proximal,3,0,0,0,5,0,2,2,0,2,0,1,0,0,1,1,1,0,1,2,10,0,0,4,8,0,7,5,2,5,0,2,0,0,2,1,4,0,1,4,2498.7,-6.572597314263263,14.300000000000002,126.26999999999998,5.46,7,5,1,43.36999999999999,35,-1722.0384600821671,10722.122207258974,7979.036234854493,-58.79045629032788,452.053,330.90000000000003,12.46,-8.269998004102113,220.334,4233.857240558263,182.93205358639204,425.63003080341366,7.0,15057.085,584.6988323577297,19.195052355807416,121.85888592269716,74.18500000000002,6477.2,-19.43569308663165,23.42,312.67999999999995,15.46,28,8,6,111.38000000000002,98,-5996.268415960878,25816.858238167068,22816.20877902239,-189.9513818413662,1123.581,828.4000000000001,32.220000000000006,-6.255459482292716,313.6479999999999,11188.482298427269,440.6358687663104,1131.7928243195474,16.76,36920.687,1348.1356244463605,59.04114243317217,345.85868399675184,206.388,118.98571428571428,-0.3129808244887267,0.6809523809523811,6.012857142857142,0.26,0.3333333333333333,0.238095238095238,0.0476190476190476,2.0652380952380947,1.6666666666666667,-82.00183143248415,510.577247964713,379.9541064216425,-2.799545537634661,21.52633333333333,15.757142857142858,0.5933333333333334,-0.3938094287667673,10.49209523809524,201.61224955039347,8.711050170780574,20.26809670492446,0.3333333333333333,717.0040476190477,27.84280154084427,0.9140501121813056,5.802804091557007,3.532619047619048,117.76727272727273,-0.3533762379387573,0.4258181818181817,5.685090909090908,0.2810909090909091,0.509090909090909,0.1454545454545454,0.109090909090909,2.0250909090909097,1.7818181818181815,-109.0230621083796,469.3974225121285,414.84015961858887,-3.4536614880248404,20.428745454545453,15.061818181818184,0.5858181818181819,-0.1137356269507766,5.702690909090907,203.42695088049567,8.011561250296552,20.5780513512645,0.3047272727272727,671.2852181818181,24.51155680811565,1.0734753169667668,6.288339709031852,3.752509090909091,5.299907684326172,4,0,0,0.436,0.473,0.091,0.582,0.236,0.182,0.382,0.4,0.218,0.036,0.764,0.2,0.327,0.164,0.073,0.473,0.291,0.091,0.236,0.455,0.309,0.407,0.056,0.093,0.333,0.241,0.093,0.296,0.148,0.296,0.074,0.0,0.352,0.167,0.074,0.019,0.259,0.056,0.093,0.259,0.167,0.315,7.0,-382.0
P00200_SF4_distal,5,0,0,2,5,0,3,1,1,3,0,0,0,0,1,0,1,0,0,2,10,0,0,4,8,0,7,5,2,5,0,2,0,0,2,1,4,0,1,4,2845.1,-10.033514030989044,14.74,133.79,6.89,11,5,2,51.73,41,-2830.5225670064265,11276.842160453927,9585.466371702443,-135.51368622340092,537.2379999999999,347.1,14.6,-3.64510188866644,197.344,4731.815970117929,206.36606813665665,450.4016192832735,7.710000000000001,15755.702000000005,564.3149704326178,25.53799927181901,156.8463667757665,91.635,6477.2,-19.43569308663165,23.42,312.67999999999995,15.46,28,8,6,111.38000000000002,98,-5996.268415960878,25816.858238167068,22816.20877902239,-189.9513818413662,1123.581,828.4000000000001,32.220000000000006,-6.255459482292716,313.6479999999999,11188.482298427269,440.6358687663104,1131.7928243195474,16.76,36920.687,1348.1356244463605,59.04114243317217,345.85868399675184,206.388,118.54583333333332,-0.4180630846245434,0.6141666666666666,5.574583333333333,0.2870833333333333,0.4583333333333333,0.2083333333333333,0.0833333333333333,2.155416666666667,1.7083333333333333,-117.93844029193444,469.86842335224696,399.3944321542685,-5.646403592641705,22.384916666666665,14.4625,0.6083333333333334,-0.1518792453611016,8.222666666666667,197.1589987549137,8.598586172360694,18.766734136803063,0.32125,656.4875833333334,23.51312376802574,1.0640833029924588,6.535265282323604,3.818125,117.76727272727273,-0.3533762379387573,0.4258181818181817,5.685090909090908,0.2810909090909091,0.509090909090909,0.1454545454545454,0.109090909090909,2.0250909090909097,1.7818181818181815,-109.0230621083796,469.3974225121285,414.84015961858887,-3.4536614880248404,20.428745454545453,15.061818181818184,0.5858181818181819,-0.1137356269507766,5.702690909090907,203.42695088049567,8.011561250296552,20.5780513512645,0.3047272727272727,671.2852181818181,24.51155680811565,1.0734753169667668,6.288339709031852,3.752509090909091,5.343563556671143,4,0,0,0.436,0.473,0.091,0.582,0.236,0.182,0.382,0.4,0.218,0.036,0.764,0.2,0.327,0.164,0.073,0.473,0.291,0.091,0.236,0.455,0.309,0.407,0.056,0.093,0.333,0.241,0.093,0.296,0.148,0.296,0.074,0.0,0.352,0.167,0.074,0.019,0.259,0.056,0.093,0.259,0.167,0.315,7.0,-382.0
P00214_SF4,2,0,0,2,6,0,2,0,0,2,1,0,0,2,1,0,0,0,0,3,7,1,4,11,9,4,14,3,2,6,7,6,2,5,9,1,3,2,2,9,2739.8,-12.192387144447745,20.3,116.72,5.729999999999999,8,6,0,50.03,34,-3234.177458176401,11026.412008906129,8254.052852714149,-193.0996634485112,524.011,281.1,13.25,-8.959493310824804,264.53200000000004,4361.7964500925045,204.28499604970224,338.0133990119598,7.52,15196.174,504.27759821877487,18.84573817464194,140.66309073814045,69.70700000000001,14456.5,-54.24294666639784,47.36,607.9499999999999,30.95,64,11,23,239.06,218,-8501.920515597407,54551.79880722421,49827.183760063504,-728.5876907160024,2059.345,1203.3,64.08999999999999,-15.727407841791562,384.814,24290.908619651163,941.5876896489592,2080.8727885976245,33.14,83398.324,2488.067562688143,113.53039655324892,760.5170538431441,326.00100000000003,130.46666666666664,-0.5805898640213212,0.9666666666666668,5.558095238095238,0.2728571428571428,0.3809523809523809,0.2857142857142857,0.0,2.3823809523809523,1.619047619047619,-154.00845038935245,525.0672385193394,393.0501358435309,-9.19522206897672,24.95290476190476,13.385714285714284,0.6309523809523809,-0.4266425386107049,12.596761904761909,207.70459286154784,9.727856954747724,16.095876143426658,0.3580952380952381,723.6273333333334,24.013218962798803,0.8974161035543782,6.698242416101925,3.3193809523809525,135.10747663551402,-0.5069434267887648,0.4426168224299065,5.681775700934579,0.2892523364485981,0.5981308411214953,0.102803738317757,0.2149532710280373,2.2342056074766354,2.037383177570093,-79.45720108034959,509.8298953946188,465.6746145800328,-6.809230754355163,19.246214953271025,11.245794392523363,0.5989719626168223,-0.1469851200167435,3.5963925233644862,227.0178375668333,8.799884949990272,19.447409239230137,0.3097196261682243,779.4235887850467,23.25296787559012,1.0610317434883076,7.107636017225646,3.046738317757009,5.480066776275635,4,0,0,0.234,0.579,0.187,0.449,0.374,0.178,0.402,0.336,0.262,0.065,0.701,0.234,0.393,0.29,0.084,0.318,0.411,0.187,0.374,0.252,0.374,0.302,0.094,0.208,0.377,0.151,0.16,0.217,0.198,0.179,0.075,0.028,0.349,0.245,0.075,0.038,0.302,0.113,0.16,0.245,0.292,0.189,7.8,-647.0
P00214_F3S,2,0,1,1,5,1,2,0,0,2,1,1,0,1,1,0,2,0,1,3,7,1,4,11,9,4,14,3,2,6,7,6,2,5,9,1,3,2,2,9,3182.5999999999995,-13.0502755554129,17.41,140.76999999999998,6.57,11,5,3,57.77,49,-5237.075180607477,12660.543778280544,9769.657794299452,-180.51321422345583,564.079,288.7,14.97,-9.775341292115549,223.89399999999995,5136.124898181728,236.1490051533436,427.0068942985874,8.4,18739.533000000003,590.1588038677011,21.74778374804824,165.12596777552324,72.57700000000001,14456.5,-54.24294666639784,47.36,607.9499999999999,30.95,64,11,23,239.06,218,-8501.920515597407,54551.79880722421,49827.183760063504,-728.5876907160024,2059.345,1203.3,64.08999999999999,-15.727407841791562,384.814,24290.908619651163,941.5876896489592,2080.8727885976245,33.14,83398.324,2488.067562688143,113.53039655324892,760.5170538431441,326.00100000000003,132.60833333333332,-0.5437614814755375,0.7254166666666667,5.865416666666666,0.27375,0.4583333333333333,0.2083333333333333,0.125,2.407083333333333,2.0416666666666665,-218.21146585864489,527.522657428356,407.0690747624772,-7.521383925977328,23.503291666666662,12.029166666666669,0.6237499999999999,-0.4073058871714812,9.328916666666665,214.00520409090527,9.839541881389318,17.79195392910781,0.35,780.8138750000002,24.58995016115421,0.9061576561686768,6.8802486573134685,3.024041666666667,135.10747663551402,-0.5069434267887648,0.4426168224299065,5.681775700934579,0.2892523364485981,0.5981308411214953,0.102803738317757,0.2149532710280373,2.2342056074766354,2.037383177570093,-79.45720108034959,509.8298953946188,465.6746145800328,-6.809230754355163,19.246214953271025,11.245794392523363,0.5989719626168223,-0.1469851200167435,3.5963925233644862,227.0178375668333,8.799884949990272,19.447409239230137,0.3097196261682243,779.4235887850467,23.25296787559012,1.0610317434883076,7.107636017225646,3.046738317757009,7.188204765319824,3,0,0,0.234,0.579,0.187,0.449,0.374,0.178,0.402,0.336,0.262,0.065,0.701,0.234,0.393,0.29,0.084,0.318,0.411,0.187,0.374,0.252,0.374,0.302,0.094,0.208,0.377,0.151,0.16,0.217,0.198,0.179,0.075,0.028,0.349,0.245,0.075,0.038,0.302,0.113,0.16,0.245,0.292,0.189,7.8,-425.0
P38589_SF4,2,0,1,0,4,0,0,1,0,3,0,2,0,1,1,3,1,1,2,3,4,0,3,5,4,3,2,4,0,4,0,8,2,1,5,5,1,1,2,3,3343.4,-9.058792693125069,20.08,158.79999999999998,6.27,7,4,4,60.260000000000005,42,-2115.123850900248,13905.247739352151,9559.689532838036,-65.98661367591833,540.9499999999999,330.4,15.260000000000002,-16.658571844617132,206.50600000000003,5465.330598668415,247.8199052826261,489.6091441206249,8.99,21424.800000000003,693.1901774042951,19.03478827308582,160.1006606183042,72.685,7325.700000000001,-14.339474535433162,14.83,356.15,14.990000000000002,28,6,15,115.35,119,1316.879946521908,29812.10059263922,25487.425030581264,-177.9491159612617,1050.5590000000002,762.3000000000001,32.129999999999995,-8.756097338795836,118.218,13025.848646479828,478.6082439176752,1286.2148855410403,17.14,47074.33400000001,1548.9844298623632,54.87681406627533,366.1212114776466,178.90500000000006,133.736,-0.3623517077250027,0.8032,6.351999999999999,0.2507999999999999,0.28,0.16,0.16,2.4104,1.68,-84.60495403600991,556.209909574086,382.3875813135214,-2.639464547036733,21.638,13.216,0.6104,-0.6663428737846853,8.260240000000001,218.6132239467366,9.912796211305045,19.584365764824994,0.3596,856.9920000000001,27.72760709617181,0.7613915309234328,6.4040264247321685,2.9074,128.52105263157895,-0.2515697286918099,0.2601754385964912,6.248245614035088,0.2629824561403509,0.4912280701754385,0.1052631578947368,0.2631578947368421,2.023684210526316,2.087719298245614,23.103156956524703,523.0193086427934,447.1478075540573,-3.1219143151098545,18.43085964912281,13.373684210526315,0.5636842105263157,-0.1536157427858918,2.074,228.5236604645584,8.396635858204828,22.565173430544565,0.3007017543859649,825.86550877193,27.17516543618181,0.9627511239697426,6.423179148730642,3.138684210526317,6.268479347229004,4,0,1,0.333,0.421,0.246,0.368,0.368,0.263,0.333,0.281,0.386,0.14,0.737,0.123,0.298,0.228,0.14,0.421,0.263,0.246,0.368,0.368,0.263,0.339,0.143,0.286,0.286,0.161,0.161,0.25,0.268,0.143,0.196,0.054,0.161,0.143,0.107,0.054,0.196,0.196,0.179,0.232,0.214,0.143,7.0,450.0
O23813_SF4,4,0,1,0,4,1,0,3,0,0,2,0,0,0,3,0,1,0,0,0,55,39,31,34,7,24,39,56,6,35,52,42,11,23,39,33,34,8,22,45,2014.2,0.2265528565759823,12.4,118.29999999999998,4.699999999999999,3,4,2,31.58,25,-891.6120095424121,9734.949723479134,7287.638149893232,-20.767743749183133,398.3229999999999,347.5,10.18,-3.665923672731081,199.812,3837.8533717953264,155.11592329239392,456.3717502048154,5.480000000000001,12535.083,608.9853300294479,18.20395105511907,101.7270571363048,79.39099999999999,84248.19999999998,-190.04150303926028,208.34,3968.87,181.58,290,18,234,1354.34,1280,75035.65015097539,314975.28430257394,296278.0728454312,-1296.5537233243415,11064.014,7953.5,369.5,-138.63121022020223,1113.658,145119.5932510694,5097.107041746524,14728.145788460277,187.92000000000004,540035.925,15996.2761577681,670.454641963562,4313.908420821101,2012.547,106.01052631578946,0.0119238345566306,0.6526315789473685,6.226315789473683,0.2473684210526315,0.1578947368421052,0.2105263157894736,0.1052631578947368,1.6621052631578948,1.3157894736842106,-46.92694787065327,512.3657749199544,383.5599026259596,-1.093039144693849,20.964368421052622,18.289473684210527,0.5357894736842105,-0.1929433511963726,10.51642105263158,201.99228272606985,8.163995962757575,24.01956580025345,0.288421052631579,659.7412105263159,32.0518594752341,0.95810268711153,5.354055638752884,4.178473684210526,132.6743307086614,-0.2992779575421421,0.3280944881889764,6.250188976377952,0.2859527559055118,0.4566929133858268,0.0283464566929133,0.368503937007874,2.1328188976377955,2.015748031496063,118.16637819051242,496.024069767833,466.5796422762696,-2.041816887124948,17.42364409448819,12.5251968503937,0.5818897637795275,-0.2183168664885074,1.7537921259842522,228.5347925213692,8.026940223222871,23.193930375527994,0.2959370078740158,850.4502755905512,25.19098607522536,1.0558340818323813,6.793556568222206,3.1693653543307088,22.09920120239257,4,0,0,0.334,0.428,0.238,0.443,0.329,0.228,0.422,0.274,0.304,0.128,0.757,0.115,0.32,0.209,0.137,0.395,0.356,0.238,0.329,0.386,0.285,0.281,0.156,0.199,0.279,0.211,0.147,0.24,0.256,0.183,0.186,0.038,0.17,0.129,0.098,0.057,0.292,0.18,0.175,0.232,0.194,0.237,7.5,-400.0
P16099_SF4,1,1,2,0,4,1,0,1,0,4,0,0,0,0,1,0,1,0,0,2,63,43,24,46,11,25,53,65,24,46,47,41,16,19,39,36,40,16,31,44,2303.7,-5.928732943053289,14.66,115.61,4.449999999999999,4,4,6,45.260000000000005,37,-668.1461661651088,9873.462950992363,6857.670308051236,-82.8890975788915,380.2009999999999,235.1,10.89,-7.579487673770299,156.162,3850.883249805232,188.7849912614621,367.6317038587664,6.44,14954.295000000002,522.3749922191097,13.874774875148171,121.47260874400214,48.981,97273.9,-258.1399259740493,239.2,4493.09,208.99,354,27,283,1568.0600000000004,1507,71884.32587703434,361916.7824392871,341327.92144051375,-1725.541042589427,12705.967,9122.2,424.96,-167.9338500051574,1270.14,166993.39473007218,5853.230230022959,16620.469637928705,215.97000000000003,614553.991,18045.068057078657,773.5523665579252,4990.014132854212,2305.789,127.98333333333332,-0.3293740523918493,0.8144444444444444,6.422777777777777,0.2472222222222221,0.2222222222222222,0.2222222222222222,0.3333333333333333,2.514444444444445,2.055555555555556,-37.119231453617154,548.5257194995759,380.9816837806242,-4.604949865493972,21.12227777777777,13.06111111111111,0.605,-0.4210826485427944,8.675666666666666,213.93795832251288,10.488055070081227,20.423983547709245,0.3577777777777777,830.7941666666668,29.02083290106165,0.7708208263971206,6.748478263555675,2.7211666666666665,133.43470507544583,-0.3541014073718097,0.3281207133058985,6.163360768175584,0.2866803840877914,0.48559670781893,0.037037037037037,0.3882030178326474,2.1509739368998635,2.06721536351166,98.60675703296891,496.4564916862649,468.2138840061917,-2.366997314937485,17.429310013717423,12.51330589849108,0.5829355281207134,-0.2303619341634532,1.742304526748971,229.07187205771217,8.02912240058019,22.79899813158945,0.2962551440329218,843.0095898491085,24.75317977651393,1.0611143574182789,6.84501252792073,3.162947873799726,25.842288970947266,4,0,0,0.343,0.396,0.261,0.427,0.318,0.255,0.428,0.284,0.288,0.115,0.749,0.136,0.316,0.193,0.148,0.396,0.328,0.261,0.318,0.409,0.273,0.265,0.157,0.201,0.28,0.217,0.181,0.254,0.236,0.159,0.174,0.026,0.221,0.141,0.095,0.054,0.245,0.184,0.168,0.269,0.192,0.216,7.0,0.0
O52681_A82P_FES,3,0,0,1,4,0,0,3,0,0,2,0,0,0,2,0,1,0,0,1,11,5,6,5,4,3,18,12,0,13,14,15,6,4,8,5,8,0,9,13,1806.1,-1.5606182992280853,12.64,102.18999999999998,4.1,3,4,0,29.74,19,-1443.6161431887265,8677.215006344417,6318.328092431514,-36.77355805912377,374.794,325.2,9.23,-4.33146226767182,196.004,3391.7713185224247,139.57005434652504,384.60588346286187,5.130000000000001,10841.52,529.4842514783694,15.401986111038674,90.28596721416991,70.836,21764.2,-65.43991525947716,63.92,972.36,46.93,77,10,39,354.48,295,2431.90341489362,78949.78690564397,74598.94935604346,-482.1337251088215,2745.2029999999995,1832.9000000000003,95.74,-46.72499159313698,475.852,36265.56614975522,1299.7123031576557,3477.992075338928,48.81,135662.581,3824.207266789082,169.930997193149,1094.8320403314897,480.6360000000001,106.24117647058824,-0.0918010764251814,0.7435294117647059,6.011176470588234,0.2411764705882352,0.1764705882352941,0.2352941176470588,0.0,1.7494117647058824,1.1176470588235294,-84.91859665816037,510.42441213790687,371.66635837832433,-2.163150474066104,22.04670588235294,19.12941176470588,0.5429411764705883,-0.2547918980983423,11.52964705882353,199.5159599130838,8.210003196854414,22.623875497815405,0.301764705882353,637.7364705882352,31.146132439904083,0.905999183002275,5.310939247892349,4.166823529411765,136.8817610062893,-0.411571794084762,0.4020125786163521,6.115471698113207,0.2951572327044025,0.4842767295597484,0.0628930817610062,0.2452830188679245,2.229433962264151,1.8553459119496856,15.294990030777482,496.539540287069,469.1757821134809,-3.0322875793007644,17.265427672955973,11.527672955974843,0.6021383647798743,-0.2938678716549496,2.9927798742138365,228.0853216965737,8.174291214828024,21.87416399584232,0.3069811320754717,853.2237798742138,24.05161803012001,1.068748410019805,6.8857361027137705,3.0228679245283026,5.127352714538574,2,0,0,0.258,0.497,0.245,0.447,0.327,0.226,0.453,0.321,0.226,0.126,0.73,0.145,0.396,0.22,0.126,0.308,0.421,0.245,0.327,0.333,0.34,0.259,0.108,0.241,0.304,0.285,0.089,0.323,0.19,0.165,0.152,0.063,0.165,0.158,0.114,0.07,0.228,0.12,0.222,0.158,0.234,0.222,7.0,-408.0
O23344_FES,1,0,1,1,4,0,0,2,0,0,3,0,1,0,2,0,1,0,1,1,9,6,6,10,5,3,9,8,2,6,20,6,4,3,10,13,19,0,5,10,2206.1,-7.07791424144979,15.31,107.82999999999996,4.359999999999999,5,5,1,36.66,27,-3042.8716425822854,9966.855993427507,7184.862564227606,-114.44752362468289,441.8579999999999,301.8,10.14,-8.334111040585082,214.36,3934.0523901639617,165.67910003767597,371.77764466647255,5.78,13170.756,537.8978200150957,14.893011599563984,109.297580121283,65.96600000000001,20065.1,-50.20304619795405,64.74,922.33,42.77,84,9,37,343.91,313,-12205.216335226847,77354.47833100852,68554.34044908117,-497.37164252546376,3277.838,1966.7,89.91999999999999,-33.52811423934428,508.16,34434.458041145415,1362.3766536281626,3235.2615905411035,47.15,122546.62,3815.84594075372,152.5709434875822,1084.5472541013023,499.38000000000005,122.5611111111111,-0.3932174578583216,0.8505555555555556,5.990555555555554,0.2422222222222222,0.2777777777777778,0.2777777777777778,0.0555555555555555,2.036666666666667,1.5,-169.04842458790475,553.7142218570838,399.15903134597806,-6.358195756926826,24.54766666666666,16.766666666666666,0.5633333333333334,-0.4630061689213934,11.908888888888889,218.5584661202201,9.204394446537554,20.654313592581808,0.3211111111111111,731.7086666666667,29.88321222306088,0.8273895333091102,6.0720877845157215,3.664777777777778,130.29285714285714,-0.3259938064802211,0.4203896103896103,5.989155844155844,0.2777272727272727,0.5454545454545454,0.0584415584415584,0.2402597402597402,2.233181818181818,2.0324675324675323,-79.25465152744707,502.3018073442112,445.1580548641634,-3.2296859904250894,21.284662337662333,12.77077922077922,0.5838961038961038,-0.2177150275282096,3.29974025974026,223.60037689055463,8.84660164693612,21.008192146370803,0.3061688311688311,795.7572727272727,24.778220394504675,0.9907204122570272,7.042514637021443,3.242727272727273,17.01288414001465,2,0,0,0.383,0.448,0.169,0.396,0.26,0.344,0.383,0.312,0.305,0.078,0.799,0.123,0.344,0.182,0.091,0.448,0.351,0.169,0.26,0.429,0.312,0.314,0.137,0.157,0.222,0.327,0.15,0.222,0.242,0.209,0.137,0.007,0.183,0.157,0.059,0.046,0.32,0.176,0.105,0.209,0.163,0.275,7.5,-281.0
P12943_SF4_proximal,0,1,1,1,4,0,0,1,2,0,2,1,0,1,3,0,0,0,2,2,31,6,13,11,13,5,18,31,8,11,18,18,10,12,21,9,14,3,11,25,2896.3,-9.9522182994734,14.759999999999998,138.55999999999997,5.0,5,4,9,49.84,43,1370.7139371947976,12820.816746271155,8958.16868655656,-155.33545970621714,428.547,245.7,12.15,-10.378050118181209,189.568,5012.725153499478,225.6231256733464,444.1008957179444,7.15,19361.931,653.6367662321338,15.929148443209646,146.16075159438606,52.145,37084.8,-80.99505241189101,128.29000000000002,1770.37,79.82999999999998,110,23,73,604.4399999999999,470,-5314.196647284155,145217.9086516253,128023.66671598428,-555.0005353232239,5130.106,3868.6,166.79999999999998,-69.67985811120555,1080.322,64330.25679768616,2365.845810074142,6511.797810051096,86.97000000000001,231366.289,7564.863991886456,292.1184007207968,1870.989447267196,951.2250000000004,137.9190476190476,-0.473915157117781,0.7028571428571427,6.598095238095237,0.238095238095238,0.238095238095238,0.1904761904761904,0.4285714285714285,2.373333333333333,2.0476190476190474,65.27209224737132,610.5150831557694,426.5794612645981,-7.396926652677006,20.407,11.7,0.5785714285714285,-0.4941928627705337,9.02704761904762,238.70119778568943,10.743958365397448,21.147661700854496,0.3404761904761905,921.9967142857143,31.12556029676828,0.7585308782480784,6.96003579020886,2.483095238095238,128.76666666666668,-0.2812328208746215,0.4454513888888889,6.147118055555556,0.2771874999999999,0.3819444444444444,0.0798611111111111,0.2534722222222222,2.09875,1.6319444444444444,-18.45207169195887,504.2288494848101,444.52662054161215,-1.927085192094528,17.812868055555555,13.432638888888889,0.5791666666666666,-0.2419439517750192,3.751118055555555,223.36894721418807,8.21474239609077,22.61040906267742,0.3019791666666667,803.3551701388889,26.26688886071686,1.0143000025027666,6.496491136344429,3.302864583333334,9.194936752319336,4,0,0,0.333,0.431,0.236,0.5,0.247,0.253,0.396,0.309,0.295,0.083,0.816,0.101,0.358,0.198,0.111,0.406,0.312,0.236,0.247,0.434,0.319,0.314,0.171,0.195,0.265,0.247,0.132,0.213,0.226,0.213,0.136,0.003,0.185,0.139,0.063,0.049,0.275,0.22,0.136,0.237,0.16,0.317,7.0,-340.0
P12943_F3S_intermediate,1,0,2,0,4,0,0,2,0,1,0,1,0,0,5,1,1,1,1,2,31,6,13,11,13,5,18,31,8,11,18,18,10,12,21,9,14,3,11,25,2676.3,-1.7968594320570652,15.55,141.66,4.569999999999999,5,4,4,48.82000000000001,35,-1798.1027548523653,13713.501839881252,8160.963655959507,-63.38712329539085,404.0799999999999,295.6000000000001,12.05,-6.625141266606784,161.73999999999998,4910.225592820545,252.45300408197468,467.576581907547,7.48,17329.674,773.291541364409,14.661985065457364,135.8432003952968,56.989,37084.8,-80.99505241189101,128.29000000000002,1770.37,79.82999999999998,110,23,73,604.4399999999999,470,-5314.196647284155,145217.9086516253,128023.66671598428,-555.0005353232239,5130.106,3868.6,166.79999999999998,-69.67985811120555,1080.322,64330.25679768616,2365.845810074142,6511.797810051096,86.97000000000001,231366.289,7564.863991886456,292.1184007207968,1870.989447267196,951.2250000000004,121.65,-0.0816754287298666,0.7068181818181818,6.4390909090909085,0.2077272727272727,0.2272727272727272,0.1818181818181818,0.1818181818181818,2.219090909090909,1.5909090909090908,-81.73194340238024,623.3409927218751,370.95289345270487,-2.8812328770632205,18.36727272727272,13.43636363636364,0.5477272727272727,-0.3011427848457629,7.351818181818181,223.19207240093385,11.475136549180668,21.25348099579759,0.34,787.7124545454545,35.14961551656405,0.6664538666116984,6.174690927058946,2.5904090909090907,128.76666666666668,-0.2812328208746215,0.4454513888888889,6.147118055555556,0.2771874999999999,0.3819444444444444,0.0798611111111111,0.2534722222222222,2.09875,1.6319444444444444,-18.45207169195887,504.2288494848101,444.52662054161215,-1.927085192094528,17.812868055555555,13.432638888888889,0.5791666666666666,-0.2419439517750192,3.751118055555555,223.36894721418807,8.21474239609077,22.61040906267742,0.3019791666666667,803.3551701388889,26.26688886071686,1.0143000025027666,6.496491136344429,3.302864583333334,14.524834632873535,3,0,0,0.333,0.431,0.236,0.5,0.247,0.253,0.396,0.309,0.295,0.083,0.816,0.101,0.358,0.198,0.111,0.406,0.312,0.236,0.247,0.434,0.319,0.314,0.171,0.195,0.265,0.247,0.132,0.213,0.226,0.213,0.136,0.003,0.185,0.139,0.063,0.049,0.275,0.22,0.136,0.237,0.16,0.317,7.0,-70.0
P12943_SF4_distal,2,0,0,0,4,0,2,5,0,1,0,0,0,0,2,0,2,0,0,1,31,6,13,11,13,5,18,31,8,11,18,18,10,12,21,9,14,3,11,25,1952.8,-0.9467296700586996,10.48,111.01,4.26,6,4,0,32.02,26,-2896.314384405136,9859.177643707057,7114.49984603244,21.30339072137993,336.193,374.7,9.87,-2.4336189079087465,168.456,3826.890693883907,152.66419354066423,443.6626066757564,5.61,11200.647,627.0611745552925,16.793103455592206,92.5959930384314,70.42,37084.8,-80.99505241189101,128.29000000000002,1770.37,79.82999999999998,110,23,73,604.4399999999999,470,-5314.196647284155,145217.9086516253,128023.66671598428,-555.0005353232239,5130.106,3868.6,166.79999999999998,-69.67985811120555,1080.322,64330.25679768616,2365.845810074142,6511.797810051096,86.97000000000001,231366.289,7564.863991886456,292.1184007207968,1870.989447267196,951.2250000000004,102.77894736842106,-0.0498278773715105,0.5515789473684211,5.842631578947369,0.2242105263157894,0.3157894736842105,0.2105263157894736,0.0,1.685263157894737,1.368421052631579,-152.4375991792177,518.9040865108976,374.4473603174968,1.121231090598944,17.69436842105263,19.721052631578942,0.5194736842105264,-0.1280852056794077,8.866105263157895,201.41529967810035,8.034957554771802,23.35066350925033,0.2952631578947368,589.5077368421053,33.003219713436444,0.8838475502943266,4.873473317812178,3.706315789473684,128.76666666666668,-0.2812328208746215,0.4454513888888889,6.147118055555556,0.2771874999999999,0.3819444444444444,0.0798611111111111,0.2534722222222222,2.09875,1.6319444444444444,-18.45207169195887,504.2288494848101,444.52662054161215,-1.927085192094528,17.812868055555555,13.432638888888889,0.5791666666666666,-0.2419439517750192,3.751118055555555,223.36894721418807,8.21474239609077,22.61040906267742,0.3019791666666667,803.3551701388889,26.26688886071686,1.0143000025027666,6.496491136344429,3.302864583333334,17.02252769470215,4,0,0,0.333,0.431,0.236,0.5,0.247,0.253,0.396,0.309,0.295,0.083,0.816,0.101,0.358,0.198,0.111,0.406,0.312,0.236,0.247,0.434,0.319,0.314,0.171,0.195,0.265,0.247,0.132,0.213,0.226,0.213,0.136,0.003,0.185,0.139,0.063,0.049,0.275,0.22,0.136,0.237,0.16,0.317,7.0,-290.0
P00221_E142A_FES,3,1,0,0,4,1,0,1,0,0,1,0,0,1,1,4,1,0,1,0,16,4,3,11,5,5,8,12,0,4,11,6,8,4,9,10,17,1,4,8,2212.1,-2.782284801685166,11.130000000000004,118.76,4.87,7,4,4,34.230000000000004,42,2436.116030399416,9563.833239962652,7318.728485149783,-15.44555144858318,503.30099999999993,341.1,10.77,-8.315443265956251,201.342,3887.720803728977,150.9913079077786,412.8674669850033,5.9,14044.628000000002,535.2762457803636,17.36358755115093,107.81025093652052,79.40100000000001,18340.6,-39.11794779931499,55.440000000000005,859.3300000000002,40.97999999999999,77,13,27,301.49,271,-12072.92562691074,70848.27373029735,64460.0745876442,-338.3277588834097,3038.941,2058.3,84.16999999999999,-22.971889909150573,490.2260000000001,31908.73071137033,1185.9318153304953,3149.905515974422,43.190000000000005,109712.652,3590.0506269885386,151.64837328929758,966.1503055595772,526.0010000000001,116.42631578947368,-0.1464360421939561,0.5857894736842106,6.2505263157894735,0.2563157894736842,0.3684210526315789,0.2105263157894736,0.2105263157894736,1.8015789473684207,2.210526315789474,128.21663317891662,503.3596442085607,385.1962360605149,-0.8129237604517464,26.48952631578947,17.95263157894737,0.5668421052631579,-0.4376549087345395,10.596947368421052,204.61688440678824,7.946910942514664,21.72986668342123,0.3105263157894737,739.1909473684212,28.17243398844019,0.9138730290079436,5.674223733501081,4.179,125.62054794520547,-0.2679311493103766,0.3797260273972603,5.8858219178082205,0.2806849315068492,0.5273972602739726,0.0890410958904109,0.184931506849315,2.065,1.856164383561644,-82.69127141719684,485.2621488376531,441.50736018934384,-2.317313417009655,20.81466438356164,14.097945205479451,0.5765068493150685,-0.1573417117065107,3.357712328767124,218.55295007787905,8.122820652948597,21.5746953148933,0.2958219178082192,751.4565205479453,24.58938785608588,1.03868748828286,6.6174678462984735,3.6027465753424663,4.613131523132324,2,0,0,0.452,0.363,0.185,0.418,0.253,0.329,0.397,0.295,0.308,0.068,0.801,0.13,0.308,0.171,0.068,0.514,0.267,0.185,0.253,0.466,0.281,0.317,0.186,0.124,0.234,0.297,0.11,0.214,0.228,0.186,0.138,0.0,0.152,0.117,0.048,0.014,0.269,0.221,0.083,0.193,0.152,0.283,7.4,-323.0
Q46136_FES,1,0,0,0,4,1,0,3,2,0,2,0,0,0,2,0,1,0,0,2,17,6,6,7,4,6,7,22,3,12,11,17,2,6,11,12,7,1,5,19,2108.0,-2.621547177079738,14.05,114.07,4.18,2,4,5,36.79,26,-3309.343171298179,9863.688022217431,6874.640928870436,-28.18330206823775,347.66,288.99999999999994,9.989999999999998,-5.984729164248849,203.568,3829.7591359010953,167.14889032536104,402.8778296326342,5.8100000000000005,13442.569,583.542717086835,14.29083260615846,104.81866168326192,56.71,23198.0,-33.44221600307999,67.13,1150.83,49.64999999999999,64,6,54,380.11,303,11959.17034420993,90140.17542983906,80222.83682678343,-13.052121259194871,2920.169,2411.8,104.31,-41.61912315844001,416.168,40420.76619081792,1453.032629855811,4277.528248740453,54.66000000000001,151344.885,4848.5226507618345,180.46537143352035,1158.002978621951,566.8649999999999,117.11111111111111,-0.1456415098377632,0.7805555555555554,6.337222222222222,0.2322222222222222,0.1111111111111111,0.2222222222222222,0.2777777777777778,2.0438888888888886,1.4444444444444444,-183.8523984054544,547.9826679009685,381.9244960483576,-1.5657390037909862,19.314444444444444,16.055555555555554,0.5549999999999999,-0.3324849535693805,11.309333333333337,212.7643964389497,9.286049462520058,22.382101646257453,0.3227777777777778,746.809388888889,32.419039838157495,0.793935144786581,5.82325898240344,3.150555555555555,128.1657458563536,-0.1847636243264088,0.3708839779005524,6.358176795580111,0.2743093922651933,0.3535911602209944,0.0331491712707182,0.2983425414364641,2.1000552486187845,1.6740331491712708,66.07276433265154,498.0120189493871,443.2200929656543,-0.0721111671778722,16.13353038674033,13.32486187845304,0.5762983425414364,-0.2299399069527072,2.2992707182320444,223.31915022551337,8.027804584838734,23.632752755472115,0.3019889502762432,836.1595856353591,26.78741796001013,0.9970462510139244,6.397806511723484,3.131850828729281,6.762266159057617,2,1,0,0.359,0.42,0.221,0.508,0.271,0.221,0.381,0.298,0.32,0.127,0.796,0.077,0.331,0.166,0.144,0.42,0.337,0.221,0.271,0.425,0.304,0.283,0.133,0.194,0.289,0.239,0.111,0.211,0.278,0.178,0.217,0.017,0.117,0.133,0.106,0.039,0.278,0.15,0.167,0.239,0.161,0.256,7.0,160.0
P00208_D13G_V14G_SF4_proximal,0,0,1,1,6,0,2,2,0,3,0,0,0,0,1,0,1,0,1,3,3,2,2,5,9,2,14,7,0,7,3,2,2,0,5,4,6,0,3,5,2615.7,-11.888251849931196,17.59,120.12999999999998,4.880000000000001,9,6,1,49.16,41,-4742.963466369469,11817.543877037995,7876.011713776418,-149.7838279858538,472.654,318.8,12.41,-9.265275982759023,226.86,4459.538669702,213.32301802772423,374.15934079470674,7.529999999999999,14851.753,603.9674150685915,15.654187262488142,129.87536979315013,60.367,10245.6,-37.38572412668408,30.47999999999999,451.08000000000015,22.17,55,11,12,170.12999999999997,182,-7087.610668442019,40727.99447266987,36103.35466507401,-366.6100984918684,1590.4740000000002,1114.2,46.9,-10.450799315489537,338.6,17746.751405865754,684.3308652696348,1612.1950688113452,24.73,57402.721,2016.6412216218023,83.23523424434457,531.6647254731896,258.96500000000003,124.55714285714284,-0.5661072309491045,0.8376190476190476,5.720476190476189,0.2323809523809524,0.4285714285714285,0.2857142857142857,0.0476190476190476,2.340952380952381,1.9523809523809523,-225.8554031604509,562.7401846208569,375.0481768464961,-7.13256323742161,22.50733333333333,15.180952380952382,0.590952380952381,-0.4412036182266202,10.802857142857142,212.35898427152384,10.158238953701154,17.817111466414605,0.3585714285714285,707.2263333333334,28.76035309850436,0.7454374886899116,6.184541418721435,2.874619047619048,126.4888888888889,-0.4615521497121491,0.3762962962962962,5.568888888888891,0.2737037037037037,0.6790123456790124,0.1358024691358024,0.1481481481481481,2.1003703703703698,2.246913580246914,-87.50136627706196,502.8147465761712,445.7204279638767,-4.526050598665042,19.635481481481484,13.755555555555556,0.5790123456790123,-0.1290222137714757,4.180246913580247,219.09569636871305,8.448529200859689,19.903642824831422,0.3053086419753086,708.6755679012346,24.89680520520744,1.027595484498081,6.563762042878884,3.197098765432099,5.534756660461426,4,0,0,0.309,0.58,0.111,0.42,0.333,0.247,0.346,0.37,0.284,0.049,0.716,0.235,0.358,0.284,0.049,0.37,0.407,0.111,0.333,0.346,0.321,0.388,0.075,0.113,0.287,0.175,0.212,0.263,0.2,0.188,0.075,0.025,0.325,0.2,0.05,0.013,0.362,0.075,0.113,0.3,0.2,0.188,7.0,-547.0
P00208_D13G_V14G_SF4_distal,2,0,1,0,5,1,3,1,0,2,2,0,0,0,1,1,1,0,0,2,3,2,2,5,9,2,14,7,0,7,3,2,2,0,5,4,6,0,3,5,2717.4999999999995,-9.109377087774924,15.960000000000004,125.77999999999996,6.11,10,5,2,47.16000000000001,43,-3796.953585980789,10874.760516172284,8924.880464139538,-109.57447687325164,507.911,318.20000000000005,13.35,-7.017334631926324,226.056,4500.865442005563,191.1669024874909,413.71165998279525,7.24,15368.636,554.6737209413681,21.61803193667636,139.7739129447293,76.561,10245.6,-37.38572412668408,30.47999999999999,451.08000000000015,22.17,55,11,12,170.12999999999997,182,-7087.610668442019,40727.99447266987,36103.35466507401,-366.6100984918684,1590.4740000000002,1114.2,46.9,-10.450799315489537,338.6,17746.751405865754,684.3308652696348,1612.1950688113452,24.73,57402.721,2016.6412216218023,83.23523424434457,531.6647254731896,258.96500000000003,123.52272727272724,-0.4140625948988601,0.7254545454545456,5.717272727272726,0.2777272727272727,0.4545454545454545,0.2272727272727272,0.0909090909090909,2.143636363636364,1.9545454545454544,-172.5887993627631,494.30729618964926,405.67638473361535,-4.980658039693257,23.086863636363635,14.463636363636368,0.6068181818181819,-0.318969755996651,10.275272727272728,204.58479281843464,8.689404658522315,18.805075453763425,0.3290909090909091,698.5743636363636,25.212441860971275,0.9826378153034708,6.353359679305877,3.4800454545454547,126.4888888888889,-0.4615521497121491,0.3762962962962962,5.568888888888891,0.2737037037037037,0.6790123456790124,0.1358024691358024,0.1481481481481481,2.1003703703703698,2.246913580246914,-87.50136627706196,502.8147465761712,445.7204279638767,-4.526050598665042,19.635481481481484,13.755555555555556,0.5790123456790123,-0.1290222137714757,4.180246913580247,219.09569636871305,8.448529200859689,19.903642824831422,0.3053086419753086,708.6755679012346,24.89680520520744,1.027595484498081,6.563762042878884,3.197098765432099,9.72246265411377,4,0,0,0.309,0.58,0.111,0.42,0.333,0.247,0.346,0.37,0.284,0.049,0.716,0.235,0.358,0.284,0.049,0.37,0.407,0.111,0.333,0.346,0.321,0.388,0.075,0.113,0.287,0.175,0.212,0.263,0.2,0.188,0.075,0.025,0.325,0.2,0.05,0.013,0.362,0.075,0.113,0.3,0.2,0.188,7.0,-445.0
P00203_SF4,2,0,0,0,4,0,2,1,1,3,2,0,0,0,1,2,2,0,0,1,4,1,1,8,6,1,8,3,1,4,3,2,1,1,3,4,3,1,0,8,2597.7,-6.365322361890096,16.810000000000002,123.18,5.66,8,4,2,48.52,35,-4378.188846381479,10566.636333165745,8143.1163033680605,-55.05954133225387,486.852,298.0,12.710000000000004,-8.167803237093691,209.288,4288.9563420468685,197.5151906916616,393.9557454366369,7.05,15195.239,544.7067586008765,19.12211764191189,139.39876102734738,70.60300000000001,8013.3,-28.337180550671768,25.63,347.41,17.640000000000004,41,7,10,138.01999999999998,130,-6067.385419658307,30763.1590704703,27759.28581540339,-346.51417381458594,1299.509,829.0999999999999,37.3,-4.706552569566284,205.32,13638.868031526195,538.5613489244104,1196.560795464996,19.660000000000004,44831.577,1451.9137023680369,64.83917213619901,430.9051603698064,206.81099999999995,123.7,-0.3031105886614331,0.8004761904761906,5.865714285714286,0.2695238095238095,0.3809523809523809,0.1904761904761904,0.0952380952380952,2.310476190476191,1.6666666666666667,-208.4851831610228,503.1731587221783,387.7674430175267,-2.6218829205835177,23.18342857142857,14.19047619047619,0.6052380952380954,-0.3889430112901758,9.966095238095235,204.2360162879461,9.405485271031502,18.759797401744613,0.3357142857142857,723.5828095238096,25.938417076232213,0.9105770305672328,6.638036239397494,3.3620476190476194,127.1952380952381,-0.4497965166773296,0.4068253968253968,5.514444444444444,0.2800000000000001,0.6507936507936508,0.1111111111111111,0.1587301587301587,2.1907936507936503,2.063492063492064,-96.30770507394138,488.30411222968735,440.6235843714824,-5.500224981183904,20.627126984126985,13.16031746031746,0.5920634920634921,-0.0747071836439092,3.2590476190476187,216.48996875438408,8.548592840070006,18.99302849944437,0.3120634920634921,711.6123333333333,23.04624924393709,1.0291932085110953,6.839764450314386,3.282714285714285,4.884798049926758,4,0,0,0.349,0.54,0.111,0.476,0.333,0.19,0.333,0.365,0.302,0.048,0.698,0.254,0.381,0.206,0.063,0.397,0.397,0.111,0.333,0.286,0.381,0.5,0.081,0.097,0.306,0.194,0.081,0.21,0.258,0.258,0.065,0.032,0.355,0.113,0.065,0.032,0.419,0.081,0.097,0.145,0.242,0.274,8.0,-385.0
P71820_F3S,5,1,0,1,3,3,1,1,1,0,2,0,1,0,1,0,1,0,0,3,7,6,0,3,3,3,10,5,2,3,4,2,2,1,6,1,2,1,2,5,2981.2,-6.8074777116145775,12.49,145.33999999999995,7.43,8,4,8,49.12,45,-85.60007505573253,10711.998477087644,10360.730164272976,-83.03218668800669,502.7249999999999,317.2,14.78,-4.124764791029317,179.174,4889.310006981332,182.37282169728005,514.837977653136,7.35,18260.512,547.9084400921864,27.47338041955741,157.04496758154912,92.62300000000002,9073.9,-23.543392467577146,21.16,413.1000000000001,20.56000000000001,34,5,28,144.54999999999998,146,14191.499911194482,33080.87960458589,32555.34213868438,-199.90705871696096,1089.829,766.7,40.57999999999999,-7.883207459562387,193.46600000000004,15259.053594476176,545.6567814095948,1520.4329353225908,20.020000000000003,56425.918000000005,1644.1137383806426,78.34853561296116,470.84667111773575,211.874,124.21666666666664,-0.2836449046506074,0.5204166666666666,6.055833333333332,0.3095833333333333,0.3333333333333333,0.1666666666666666,0.3333333333333333,2.0466666666666664,1.875,-3.566669793988856,446.33326987865183,431.6970901780407,-3.459674445333612,20.946874999999995,13.216666666666669,0.6158333333333333,-0.1718651996262215,7.465583333333334,203.72125029088883,7.598867570720002,21.451582402214,0.30625,760.8546666666667,22.829518337174434,1.1447241841482256,6.54354031589788,3.859291666666668,133.43970588235294,-0.3462263598173109,0.3111764705882353,6.075000000000001,0.3023529411764707,0.5,0.0735294117647058,0.4117647058823529,2.125735294117647,2.147058823529412,208.6985281058012,486.48352359685134,478.7550314512409,-2.939809687014132,16.02689705882353,11.275,0.5967647058823529,-0.1159295214641527,2.845088235294118,224.39784697759083,8.02436443249404,22.35930787239104,0.2944117647058824,829.792911764706,24.17814321148004,1.1521843472494289,6.924215751731408,3.1157941176470594,5.181469440460205,3,0,0,0.265,0.5,0.235,0.426,0.353,0.221,0.529,0.25,0.221,0.118,0.691,0.191,0.309,0.279,0.147,0.353,0.368,0.235,0.353,0.368,0.279,0.299,0.179,0.134,0.388,0.209,0.164,0.313,0.284,0.104,0.164,0.045,0.299,0.164,0.09,0.03,0.313,0.194,0.104,0.328,0.224,0.179,7.5,-33.0
Q02762_FES,1,0,0,0,4,0,0,3,2,0,1,0,0,0,3,1,1,0,0,1,22,10,8,12,4,7,9,21,4,11,14,4,3,7,10,9,11,4,3,14,1859.2,0.5865864512664165,12.03,108.86,3.4900000000000007,2,4,4,32.95,24,-2088.8723121439143,9830.212238741648,6125.312438764718,-2.005228222309324,332.535,293.9,8.87,-3.678594772250519,183.564,3596.871948233637,169.67040029687098,388.8653872363209,5.380000000000001,12054.091,610.872489166607,12.138386337328344,95.26553966025918,54.421,23807.3,-50.38081216778559,76.58000000000001,1134.07,52.81,80,7,61,389.96,338,10760.18861337085,90536.55058460632,84134.33384287007,-264.3610170348703,3364.709,2604.6,107.8,-37.41503828600827,441.724,41457.44727396397,1465.6407811635677,4283.747531930755,54.99,147199.32100000005,4696.082985171577,196.78454691615244,1231.6284663975034,644.8020000000001,109.36470588235294,0.0345050853686127,0.7076470588235295,6.403529411764705,0.2052941176470588,0.1176470588235294,0.2352941176470588,0.2352941176470588,1.9382352941176468,1.411764705882353,-122.87484189081847,578.2477787495087,360.3124963979246,-0.1179546013123131,19.56088235294117,17.288235294117644,0.5217647058823529,-0.2163879277794422,10.797882352941178,211.58070283727275,9.98061178216888,22.874434543313,0.3164705882352941,709.0641764705881,35.93367583332982,0.7140227257251968,5.603855274132893,3.201235294117647,127.31176470588235,-0.2694161078491208,0.4095187165775402,6.064545454545455,0.2824064171122994,0.427807486631016,0.0374331550802139,0.3262032085561497,2.085347593582888,1.807486631016043,57.54111557952327,484.1526769230284,449.9162237586635,-1.4136952782613386,17.993096256684492,13.928342245989304,0.5764705882352942,-0.2000804186417554,2.3621604278074866,221.6975790051549,7.837651236168811,22.90774081246393,0.2940641711229946,787.1621443850269,25.11274323621164,1.0523237803002805,6.5862484834091095,3.448139037433156,4.790264129638672,2,1,0,0.401,0.412,0.187,0.519,0.267,0.214,0.39,0.289,0.321,0.075,0.813,0.112,0.321,0.182,0.096,0.455,0.337,0.187,0.267,0.428,0.305,0.317,0.129,0.134,0.285,0.237,0.102,0.215,0.306,0.204,0.102,0.005,0.188,0.151,0.048,0.016,0.339,0.14,0.113,0.21,0.177,0.237,7.0,310.0
P59799_FES,1,0,0,1,4,2,1,3,1,0,1,1,0,0,0,3,1,0,0,0,5,2,7,4,4,3,13,9,1,10,7,5,3,2,4,5,4,0,3,5,2111.6,-4.124967910252287,5.6,113.48,4.670000000000001,10,4,5,29.070000000000004,48,-1322.5834622645743,9133.204780459191,7959.626070884232,-16.94452262660273,445.3979999999999,381.7,9.98,-3.671945367534119,149.946,4019.170673570864,121.17555139577216,443.3249110458449,5.31,12813.358,541.936416211784,18.28406371939229,98.51596783152768,76.95,12577.999999999998,-41.043735119627584,34.48,560.59,27.480000000000004,56,7,23,202.64,198,-4082.438678027541,46917.34829522903,44802.01006254412,-306.9387737764079,1751.452,1276.3000000000002,55.85999999999999,-18.047148876280005,224.84200000000004,21684.15434261345,750.8770983186349,2081.9047158847325,28.380000000000003,74350.252,2324.3035056233466,102.92982512667666,643.5139453052082,310.64200000000005,111.13684210526316,-0.2171035742238045,0.2947368421052631,5.972631578947368,0.2457894736842105,0.5263157894736842,0.2105263157894736,0.2631578947368421,1.5300000000000002,2.526315789473684,-69.60965590866181,480.6949884452206,418.92768794127534,-0.8918169803475121,23.442,20.089473684210525,0.5252631578947369,-0.1932602825017957,7.891894736842105,211.5352986089928,6.3776605997774825,23.33289005504447,0.2794736842105263,674.3872631578947,28.522969274304423,0.96231914312591,5.1850509385014565,4.05,131.02083333333331,-0.4275389074961206,0.3591666666666666,5.839479166666667,0.28625,0.5833333333333334,0.0729166666666666,0.2395833333333333,2.1108333333333333,2.0625,-42.52540289612022,488.7223780753024,466.6876048181679,-3.197278893504249,18.244291666666665,13.294791666666669,0.5818749999999999,-0.1879911341279167,2.342104166666667,225.87660773555675,7.8216364408191135,21.68650745713263,0.295625,774.4817916666666,24.211494850243195,1.0721856784028818,6.703270263595918,3.235854166666668,5.376213550567627,2,0,0,0.281,0.552,0.167,0.438,0.354,0.208,0.406,0.292,0.302,0.073,0.75,0.177,0.354,0.281,0.083,0.323,0.469,0.167,0.354,0.323,0.323,0.316,0.084,0.221,0.379,0.211,0.126,0.284,0.274,0.137,0.116,0.032,0.284,0.2,0.063,0.042,0.263,0.116,0.179,0.253,0.253,0.2,7.0,-390.0
P00214_C25A_SF4,3,0,0,2,5,0,2,0,0,2,1,0,0,2,1,0,0,0,0,3,8,1,4,11,8,4,14,3,0,6,7,6,2,5,9,1,3,2,2,9,2719.9,-11.24552528179636,19.07,116.48000000000002,5.979999999999999,8,5,0,49.54,31,-2746.844152745666,10599.129095740862,8374.636097677034,-171.32612710787,502.80099999999993,274.1,13.32,-7.834833553419039,231.612,4311.035176882956,196.92085039143888,349.0908115252153,7.339999999999999,15048.545000000002,481.47227608992335,20.257190984822216,141.91123495871307,73.01700000000002,14130.2,-52.193497443556616,45.870000000000005,592.3299999999999,30.66,64,10,19,232.58999999999995,209,-7458.803585099093,52989.70107924413,48926.43367169305,-701.52173504645,2009.4310000000005,1186.7,63.01999999999998,-14.459411727561122,350.646,23702.60348679249,912.0753958425476,2040.6835344442136,32.36,80894.47899999999,2408.299277596329,113.1418493634292,741.8318647303834,326.719,129.5190476190476,-0.5355012038950647,0.908095238095238,5.546666666666668,0.2847619047619047,0.3809523809523809,0.238095238095238,0.0,2.359047619047619,1.4761904761904765,-130.8021025116984,504.7204331305172,398.7921951274778,-8.158387005136667,23.94290476190476,13.052380952380954,0.6342857142857143,-0.3730873120675733,11.029142857142856,205.2873893753789,9.37718335197328,16.623371977391205,0.3495238095238094,716.5973809523811,22.927251242377302,0.9646281421343912,6.757677855176813,3.477000000000001,134.57333333333332,-0.4970809280338725,0.4368571428571429,5.641238095238094,0.292,0.6095238095238096,0.0952380952380952,0.1809523809523809,2.2151428571428564,1.9904761904761905,-71.03622461999136,504.663819802325,465.9660349685052,-6.681159381394762,19.137438095238096,11.301904761904762,0.600190476190476,-0.1377086831196297,3.3394857142857144,225.7390808265952,8.686432341357596,19.435081280421084,0.3081904761904762,770.4236095238094,22.936183596155512,1.0775414225088495,7.065065378384603,3.111609523809524,5.530542850494385,4,0,0,0.248,0.581,0.171,0.457,0.381,0.162,0.4,0.333,0.267,0.067,0.695,0.238,0.39,0.295,0.067,0.333,0.419,0.171,0.381,0.248,0.371,0.298,0.106,0.163,0.394,0.144,0.154,0.221,0.202,0.183,0.077,0.029,0.356,0.269,0.058,0.019,0.317,0.115,0.135,0.25,0.298,0.192,7.8,-600.0
P00214_C25A_F3S,2,0,1,1,5,1,2,0,0,2,1,1,0,1,1,0,2,0,1,3,8,1,4,11,8,4,14,3,0,6,7,6,2,5,9,1,3,2,2,9,3182.5999999999995,-13.0502755554129,17.41,140.76999999999998,6.57,11,5,3,57.77,49,-5237.075180607477,12660.543778280544,9769.657794299452,-180.51321422345583,564.079,288.7,14.97,-9.775341292115549,223.89399999999995,5136.124898181728,236.1490051533436,427.0068942985874,8.4,18739.533000000003,590.1588038677011,21.74778374804824,165.12596777552324,72.57700000000001,14130.2,-52.193497443556616,45.870000000000005,592.3299999999999,30.66,64,10,19,232.58999999999995,209,-7458.803585099093,52989.70107924413,48926.43367169305,-701.52173504645,2009.4310000000005,1186.7,63.01999999999998,-14.459411727561122,350.646,23702.60348679249,912.0753958425476,2040.6835344442136,32.36,80894.47899999999,2408.299277596329,113.1418493634292,741.8318647303834,326.719,132.60833333333332,-0.5437614814755375,0.7254166666666667,5.865416666666666,0.27375,0.4583333333333333,0.2083333333333333,0.125,2.407083333333333,2.0416666666666665,-218.21146585864489,527.522657428356,407.0690747624772,-7.521383925977328,23.503291666666662,12.029166666666669,0.6237499999999999,-0.4073058871714812,9.328916666666665,214.00520409090527,9.839541881389318,17.79195392910781,0.35,780.8138750000002,24.58995016115421,0.9061576561686768,6.8802486573134685,3.024041666666667,134.57333333333332,-0.4970809280338725,0.4368571428571429,5.641238095238094,0.292,0.6095238095238096,0.0952380952380952,0.1809523809523809,2.2151428571428564,1.9904761904761905,-71.03622461999136,504.663819802325,465.9660349685052,-6.681159381394762,19.137438095238096,11.301904761904762,0.600190476190476,-0.1377086831196297,3.3394857142857144,225.7390808265952,8.686432341357596,19.435081280421084,0.3081904761904762,770.4236095238094,22.936183596155512,1.0775414225088495,7.065065378384603,3.111609523809524,7.175111293792725,3,0,0,0.248,0.581,0.171,0.457,0.381,0.162,0.4,0.333,0.267,0.067,0.695,0.238,0.39,0.295,0.067,0.333,0.419,0.171,0.381,0.248,0.371,0.298,0.106,0.163,0.394,0.144,0.154,0.221,0.202,0.183,0.077,0.029,0.356,0.269,0.058,0.019,0.317,0.115,0.135,0.25,0.298,0.192,7.8,-427.0
P24297_A44V_FE,0,0,0,0,4,0,1,2,0,3,0,1,0,1,2,0,0,0,1,3,2,0,1,7,4,0,6,5,0,4,2,5,1,2,5,2,1,2,2,3,2390.2,-6.577811451652201,17.78,111.73,4.199999999999999,3,4,1,45.33,22,-2105.68578793078,10697.757080011494,6746.711313194511,-67.30640658286136,303.225,220.8,10.91,-10.314409519232072,189.894,3954.610914149785,196.5822953925162,340.4485787639832,6.71,14851.717,554.8165464519141,12.394051992498614,112.71304136545506,40.336000000000006,7140.200000000001,-24.42246627157372,21.27,309.18,14.420000000000003,32,5,8,113.73,101,-1916.433396650292,28629.83634548286,24883.609067106183,-285.976176402474,957.241,708.3000000000002,30.750000000000004,-10.25620959294866,136.306,12519.60910304093,461.49239419722016,1112.952006148005,16.33,41735.88900000001,1384.6857926443183,53.54381069076825,357.1495202456299,163.999,132.7888888888889,-0.3654339695362333,0.987777777777778,6.207222222222222,0.2333333333333332,0.1666666666666666,0.2222222222222222,0.0555555555555555,2.518333333333333,1.2222222222222223,-116.98254377393222,594.3198377784163,374.8172951774728,-3.739244810158964,16.845833333333335,12.266666666666666,0.6061111111111112,-0.5730227510684485,10.549666666666663,219.70060634165472,10.921238632917566,18.9138099313324,0.3727777777777777,825.0953888888888,30.82314146955078,0.6885584440277008,6.261835631414169,2.240888888888889,132.22592592592594,-0.4522678939180319,0.3938888888888889,5.725555555555555,0.2670370370370371,0.5925925925925926,0.0925925925925925,0.1481481481481481,2.106111111111111,1.8703703703703705,-35.48950734537578,530.182154545979,460.80757531678114,-5.295855118564333,17.726685185185183,13.11666666666667,0.5694444444444445,-0.189929807276827,2.524185185185185,231.8446130192765,8.54615544809667,20.61022233607417,0.3024074074074074,772.8868333333335,25.642329493413303,0.9915520498290415,6.613880004548702,3.0370185185185186,4.315417766571045,1,0,0,0.315,0.463,0.222,0.444,0.352,0.204,0.296,0.333,0.37,0.093,0.667,0.241,0.37,0.222,0.093,0.407,0.296,0.222,0.352,0.315,0.333,0.302,0.132,0.226,0.283,0.208,0.151,0.151,0.17,0.226,0.17,0.019,0.264,0.17,0.094,0.038,0.226,0.151,0.189,0.226,0.208,0.226,7.0,-58.0
Q55389_SF4,0,0,1,0,6,0,1,0,1,0,3,0,2,1,3,0,0,1,0,2,11,5,6,8,7,3,12,3,3,2,8,8,6,5,6,6,9,1,3,6,2918.4,-9.130439707117551,24.33,128.98999999999998,5.4,3,8,4,50.74,31,-3971.433124275516,12392.033696137025,8515.46446447171,-175.41596520779277,525.351,258.6,12.96,-12.618950265921724,329.57,4730.9595411564205,225.80131341898,370.6852632013657,7.56,17779.013,606.4962300012223,16.292021966952554,144.24053513565465,61.893,15752.999999999998,-47.31502959563794,35.910000000000004,710.76,34.809999999999995,67,13,39,251.16000000000005,269,1475.6243674534162,57729.78556373967,55544.97749704435,-571.5796242493047,2523.758,1454.1999999999998,69.91,-18.283747964337472,408.624,26696.90035944256,960.2856182358234,2525.719445330915,35.099999999999994,97071.261,2755.915622776777,129.2154950746422,832.8766701099125,401.336,138.9714285714286,-0.4347828431960738,1.1585714285714286,6.142380952380951,0.2571428571428571,0.1428571428571428,0.3809523809523809,0.1904761904761904,2.416190476190476,1.4761904761904765,-189.1158630607389,590.0968426731915,405.4983078319862,-8.353141200371084,25.016714285714286,12.314285714285717,0.6171428571428571,-0.6009023936153202,15.693809523809524,225.28378767411527,10.752443496141906,17.651679200065036,0.36,846.6196666666666,28.880772857201062,0.7758105698548835,6.86859691122165,2.9472857142857145,133.49999999999997,-0.4009748270816774,0.3043220338983051,6.023389830508474,0.295,0.5677966101694916,0.1101694915254237,0.3305084745762712,2.1284745762711865,2.2796610169491527,12.505291249605222,489.2354708791498,470.7201482800368,-4.84389512075682,21.387779661016943,12.32372881355932,0.592457627118644,-0.1549470166469277,3.462915254237288,226.24491830036064,8.138013713862911,21.40440207907555,0.297457627118644,822.6378050847459,23.35521714217608,1.0950465684291713,7.058276865338242,3.401152542372881,11.718186378479004,4,0,0,0.314,0.424,0.263,0.364,0.356,0.28,0.475,0.28,0.246,0.11,0.72,0.169,0.322,0.229,0.136,0.364,0.314,0.263,0.356,0.347,0.297,0.248,0.137,0.214,0.214,0.222,0.162,0.248,0.162,0.162,0.137,0.051,0.239,0.179,0.068,0.068,0.239,0.154,0.154,0.222,0.154,0.265,7.0,-320.0
P0A3C7_A46S_FES,2,1,0,0,4,1,0,1,0,0,1,0,0,2,1,3,2,0,0,1,8,1,1,11,4,5,10,6,0,5,7,4,1,3,3,7,8,0,5,8,2286.9,-2.226971153514914,13.170000000000003,118.58,4.779999999999999,6,4,4,38.34,39,-55.25099198227224,9837.856520385933,7251.409956856621,-22.377236833183325,491.851,312.1,10.990000000000002,-7.721698971907918,209.59,3939.822554145743,167.45485288132355,394.90255116062434,6.209999999999999,14469.899,537.4515896957075,16.137286208489623,114.03903509962484,70.34100000000001,12501.3,-47.654160565199575,33.12,536.2799999999999,27.809999999999995,68,5,13,205.54999999999995,205,-12008.86414130948,46584.61004308157,43902.056504792345,-447.3572429457024,1990.216,1296.8,57.0,-16.114885176884933,218.958,21346.492889222394,775.3210027645786,1920.621844175953,29.19,70078.633,2155.676185908462,103.51889367500117,654.9163589571594,332.49700000000007,120.36315789473684,-0.1172090080797323,0.6931578947368423,6.241052631578948,0.251578947368421,0.3157894736842105,0.2105263157894736,0.2105263157894736,2.0178947368421056,2.0526315789473686,-2.907946946435381,517.7819221255754,381.6531556240327,-1.1777493070096487,25.886894736842105,16.426315789473684,0.5784210526315791,-0.4064052090477851,11.031052631578948,207.3590817971444,8.813413309543346,20.7843447979276,0.3268421052631578,761.5736315789474,28.28692577345829,0.8493308530784013,6.002054478927624,3.7021578947368425,128.87938144329897,-0.4912800058267997,0.3414432989690721,5.528659793814431,0.286701030927835,0.7010309278350515,0.0515463917525773,0.134020618556701,2.119072164948453,2.11340206185567,-123.80272310628332,480.2537117843461,452.5985206679623,-4.611930339646416,20.51769072164948,13.369072164948452,0.5876288659793815,-0.1661328368751023,2.2572989690721648,220.06693700229272,7.99300002850081,19.80022519769024,0.3009278350515463,722.4601340206186,22.22346583410785,1.0672050894330016,6.7517150407954585,3.427804123711341,4.848507404327393,2,0,0,0.412,0.443,0.144,0.423,0.33,0.247,0.371,0.34,0.289,0.052,0.732,0.216,0.34,0.196,0.052,0.443,0.371,0.144,0.33,0.381,0.289,0.354,0.125,0.125,0.271,0.292,0.104,0.26,0.208,0.208,0.083,0.021,0.271,0.125,0.042,0.021,0.292,0.146,0.094,0.198,0.177,0.229,8.0,-382.0
P00212_SF4,4,0,0,0,4,0,1,3,0,3,0,0,0,0,1,1,2,0,0,1,8,0,2,15,4,1,6,6,0,8,2,4,2,3,6,1,4,0,4,5,2181.1,-1.9816436807797289,14.580000000000002,118.98000000000002,5.09,5,4,0,40.04,25,-2841.0928525257664,9716.35346788288,7151.82911977092,10.406160396609287,421.394,354.1,11.490000000000002,-6.04558161345131,192.008,3840.700590488485,168.99001771648852,428.3470097123332,6.4,12880.745,571.8736287677467,18.37721014174493,111.74570886679172,78.36500000000001,10313.2,-41.79029950273414,28.76,442.61,22.16,54,6,7,174.78000000000003,150,-8199.175863040095,40855.89352100715,36411.719476621154,-547.2580703410129,1591.8979999999997,1091.6,46.42,-6.086789066064629,98.21599999999998,18148.41395624469,696.7919776376588,1602.705026512128,24.26,57257.612,1899.602062137496,83.4358104313325,555.8382991294446,275.4240000000001,109.055,-0.0990821840389864,0.7290000000000001,5.949000000000001,0.2545,0.25,0.2,0.0,2.002,1.25,-142.0546426262883,485.817673394144,357.591455988546,0.5203080198304644,21.0697,17.705000000000002,0.5745000000000001,-0.3022790806725655,9.6004,192.03502952442423,8.449500885824426,21.41735048561666,0.32,644.03725,28.59368143838733,0.9188605070872464,5.587285443339586,3.918250000000001,127.32345679012344,-0.5159296234905449,0.3550617283950617,5.464320987654321,0.2735802469135802,0.6666666666666666,0.074074074074074,0.0864197530864197,2.157777777777778,1.851851851851852,-101.22439337086536,504.39374717292776,449.5274009459402,-6.756272473345838,19.65306172839506,13.476543209876544,0.5730864197530864,-0.0751455440254892,1.212543209876543,224.05449328697148,8.602370094292084,19.786481808791702,0.2995061728395062,706.8840987654321,23.45187731033945,1.0300717337201544,6.862201223820304,3.4002962962962973,4.509288311004639,4,0,0,0.42,0.42,0.16,0.444,0.346,0.21,0.284,0.346,0.37,0.049,0.691,0.259,0.346,0.185,0.049,0.494,0.296,0.16,0.346,0.358,0.296,0.425,0.138,0.113,0.25,0.15,0.188,0.237,0.237,0.237,0.075,0.025,0.362,0.075,0.05,0.037,0.325,0.163,0.087,0.25,0.188,0.263,7.0,-280.0
P38941_SF4,3,0,2,0,4,0,0,2,0,1,3,1,0,1,0,0,1,1,3,3,11,2,6,4,4,1,4,6,3,1,6,3,0,1,4,4,3,2,3,4,3418.2,-15.50847932197945,22.64,155.31,6.800000000000001,6,4,4,56.98,38,-3354.099022529605,13338.417427996836,10299.255532708194,-136.10724754684574,571.8169999999999,361.9,15.38,-20.777941866422022,256.396,5563.058610849876,216.1416040005748,513.6180097510926,8.580000000000002,21204.955,645.2861526790205,22.02230839421561,157.66297543427805,85.634,9016.1,-23.92653683589368,25.059999999999995,440.17,20.23,33,4,24,141.88,143,2535.458425641575,35129.15362050803,32343.31811835107,-211.46435553682352,1450.985,1051.1,40.99999999999999,-15.62195396074168,220.182,15936.537108761937,554.5818537970746,1661.2488798222707,20.770000000000003,56043.833000000006,1836.3828763257443,76.9465629085789,469.00646231366585,267.16800000000006,136.72799999999998,-0.6203391728791781,0.9056,6.2124,0.272,0.24,0.16,0.16,2.2792000000000003,1.52,-134.16396090118425,533.5366971198735,411.9702213083277,-5.444289901873829,22.872679999999995,14.476,0.6152,-0.8311176746568809,10.25584,222.52234443399504,8.645664160022992,20.544720390043704,0.3432,848.1982,25.81144610716082,0.8808923357686244,6.306519017371122,3.42536,125.22361111111113,-0.3323130116096344,0.3480555555555555,6.113472222222223,0.2809722222222222,0.4583333333333333,0.0555555555555555,0.3333333333333333,1.970555555555556,1.9861111111111112,35.21470035613299,487.9049113959448,449.2127516437649,-2.937004938011438,20.15256944444444,14.59861111111111,0.5694444444444443,-0.2169715827880788,3.0580833333333337,221.3407931772491,7.702525747181592,23.07290110864265,0.2884722222222222,778.3865694444445,25.505317726746448,1.0687022626191514,6.513978643245359,3.710666666666667,5.97447681427002,4,0,1,0.389,0.417,0.194,0.486,0.278,0.236,0.417,0.25,0.333,0.069,0.819,0.111,0.292,0.208,0.111,0.444,0.306,0.194,0.278,0.472,0.25,0.338,0.141,0.197,0.268,0.155,0.155,0.183,0.254,0.155,0.127,0.014,0.183,0.099,0.056,0.056,0.268,0.169,0.141,0.282,0.141,0.197,7.0,260.0
P14071_FE,0,0,0,1,4,0,2,2,0,1,0,0,0,1,1,1,0,0,1,4,5,0,1,7,4,1,4,5,0,1,1,2,1,2,6,2,1,1,3,6,2254.0,-9.02620701978822,14.22,100.62,4.29,8,4,0,40.53,30,-2907.575154905009,9930.067997797412,6868.026439244933,-91.01175736750444,365.654,268.8,10.669999999999998,-7.1417733495269164,166.98399999999998,3820.726256463376,172.46112882759962,318.71127717668173,6.38,12492.808,500.9768766309944,14.0084866552526,106.83481674227248,52.067,6598.900000000001,-20.940228000285263,22.22,297.43,13.820000000000004,30,5,5,108.59,91,-3355.879349196227,27813.03304877957,22892.38501572188,-262.9515780774182,981.675,739.0999999999998,30.0,-6.218208856850589,152.30599999999998,11740.588121266295,464.3252269200528,1071.5877130220044,16.180000000000003,37274.075,1383.039460226736,51.53171698997134,337.79006101542194,176.36,125.22222222222224,-0.50145594554379,0.7899999999999999,5.59,0.2383333333333333,0.4444444444444444,0.2222222222222222,0.0,2.251666666666667,1.6666666666666667,-161.53195305027828,551.6704443220784,381.55702440249627,-5.056208742639135,20.31411111111111,14.933333333333334,0.5927777777777776,-0.3967651860848287,9.276888888888887,212.2625698035209,9.581173823755536,17.70618206537121,0.3544444444444444,694.044888888889,27.83204870172191,0.7782492586251445,5.935267596792915,2.892611111111111,124.50754716981132,-0.3950986415148163,0.4192452830188679,5.611886792452831,0.2607547169811322,0.5660377358490566,0.0943396226415094,0.0943396226415094,2.048867924528301,1.7169811320754718,-63.31847828672127,524.774208467539,431.9317927494694,-4.961350529762608,18.522169811320754,13.94528301886792,0.5660377358490566,-0.1173246954122752,2.873698113207547,221.52053058993013,8.760853338114204,20.2186360947548,0.3052830188679246,703.2844339622641,26.09508415522144,0.9722965469805914,6.373397377649471,3.327547169811321,4.252412796020508,1,0,0,0.377,0.453,0.17,0.472,0.283,0.245,0.264,0.34,0.396,0.038,0.755,0.208,0.358,0.226,0.038,0.491,0.264,0.17,0.283,0.415,0.302,0.442,0.154,0.135,0.192,0.25,0.192,0.154,0.231,0.269,0.058,0.019,0.327,0.096,0.019,0.019,0.327,0.154,0.135,0.25,0.135,0.308,7.0,-40.0
P00221_E142Q_FES,3,1,0,0,4,1,0,1,0,0,1,0,0,1,1,4,1,0,1,0,15,4,3,11,5,6,8,12,0,4,11,6,8,4,9,10,17,1,4,8,2212.1,-2.782284801685166,11.130000000000004,118.76,4.87,7,4,4,34.230000000000004,42,2436.116030399416,9563.833239962652,7318.728485149783,-15.44555144858318,503.30099999999993,341.1,10.77,-8.315443265956251,201.342,3887.720803728977,150.9913079077786,412.8674669850033,5.9,14044.628000000002,535.2762457803636,17.36358755115093,107.81025093652052,79.40100000000001,18395.800000000003,-39.92519912827816,54.91,858.8700000000001,40.92,78,13,28,301.77,276,-12667.91891290828,71036.76579378941,64650.057196339854,-347.0683270857947,3027.133,2047.5000000000005,84.13,-22.938001105291686,483.0620000000001,32008.16072398068,1187.2175296162095,3145.940298583117,43.21,109983.776,3591.197452385364,151.26228633277586,966.8250881682728,521.033,116.42631578947368,-0.1464360421939561,0.5857894736842106,6.2505263157894735,0.2563157894736842,0.3684210526315789,0.2105263157894736,0.2105263157894736,1.8015789473684207,2.210526315789474,128.21663317891662,503.3596442085607,385.1962360605149,-0.8129237604517464,26.48952631578947,17.95263157894737,0.5668421052631579,-0.4376549087345395,10.596947368421052,204.61688440678824,7.946910942514664,21.72986668342123,0.3105263157894737,739.1909473684212,28.17243398844019,0.9138730290079436,5.674223733501081,4.179,125.99863013698632,-0.2734602680019052,0.3760958904109589,5.882671232876713,0.2802739726027397,0.5342465753424658,0.0890410958904109,0.1917808219178082,2.066917808219178,1.8904109589041096,-86.76656789663205,486.55319036842064,442.8086109338346,-2.377180322505444,20.733787671232875,14.023972602739727,0.5762328767123287,-0.1571095966115868,3.308643835616439,219.2339775615115,8.131626915179517,21.54753629166519,0.295958904109589,753.3135342465754,24.597242824557284,1.0360430570738073,6.62208964498817,3.568719178082192,4.565268039703369,2,0,0,0.445,0.37,0.185,0.411,0.26,0.329,0.397,0.295,0.308,0.068,0.801,0.13,0.308,0.178,0.068,0.507,0.274,0.185,0.26,0.459,0.281,0.31,0.179,0.131,0.221,0.297,0.11,0.214,0.228,0.186,0.138,0.0,0.152,0.117,0.048,0.021,0.262,0.214,0.09,0.179,0.152,0.283,7.4,-328.0
P37332_FES,0,0,0,1,2,0,1,2,2,0,1,1,1,0,3,1,1,1,0,0,6,6,2,10,5,1,9,11,2,4,8,6,2,6,6,6,5,1,2,11,2162.3,-2.5885958500564783,8.5,105.64,4.0200000000000005,6,3,6,35.07,30,-1765.4510681132783,9803.32107877789,7414.881318269506,-40.78063117718363,306.1449999999999,233.2,9.13,-2.8594220883418555,99.144,3980.459205420777,164.44265548549606,377.0230719936808,5.11,13650.194,536.5950924240593,14.449933960383705,110.99155858055262,48.507000000000005,14233.5,-37.10321310445977,39.91,655.3400000000001,30.18,54,7,32,231.00000000000009,212,8551.667929682257,54521.890730061714,50008.66375154352,-324.3488606153052,1988.65,1460.1,62.91,-19.099302323227228,293.67400000000004,24710.114518096834,881.8368737029225,2406.3814051635763,32.730000000000004,87879.888,2748.109883248847,111.3453927715976,727.5487923139758,346.88000000000005,127.19411764705885,-0.1522703441209693,0.5,6.214117647058823,0.2364705882352941,0.3529411764705882,0.1764705882352941,0.3529411764705882,2.0629411764705883,1.7647058823529411,-103.85006283019284,576.6659458104641,436.1694893099709,-2.3988606574813898,18.0085294117647,13.71764705882353,0.5370588235294118,-0.1682012993142267,5.832,234.14465914239864,9.673097381499767,22.177827764334165,0.3005882352941176,802.9525882352941,31.564417201415253,0.8499961153166884,6.528915210620743,2.853352941176471,130.58256880733944,-0.3403964504996309,0.3661467889908257,6.012293577981652,0.2768807339449541,0.4954128440366973,0.0642201834862385,0.2935779816513761,2.119266055045872,1.944954128440367,78.45566907965373,500.2008323858873,458.7950802893901,-2.9756776203239013,18.24449541284404,13.395412844036697,0.5771559633027523,-0.1752229570938278,2.694256880733945,226.6982983311636,8.090246547733233,22.07689362535391,0.3002752293577982,806.237504587156,25.21201727751236,1.021517364877042,6.67475956251354,3.182385321100918,4.521425724029541,2,1,0,0.349,0.422,0.229,0.477,0.312,0.211,0.367,0.312,0.321,0.11,0.716,0.174,0.358,0.165,0.128,0.404,0.321,0.229,0.312,0.349,0.339,0.296,0.167,0.194,0.407,0.222,0.074,0.278,0.194,0.204,0.176,0.028,0.306,0.13,0.148,0.0,0.278,0.176,0.167,0.185,0.296,0.213,7.0,-157.0
P00207_SF4_proximal,1,0,0,0,6,1,1,1,0,1,0,0,0,0,1,0,4,0,1,6,6,1,2,3,9,3,4,3,0,3,0,4,1,2,4,3,6,0,2,7,2859.3,-9.2410349935598,20.53,136.04,5.489999999999999,8,6,1,58.96,42,-9398.287519369376,12751.169518063642,7786.332423984086,-119.29077712743748,544.0360000000001,294.3,14.37,-10.318304594733744,274.72,4604.171821197118,259.1007958055019,380.43660724806045,8.879999999999999,16806.572999999997,643.9346311858078,15.91878998895422,148.0764540160356,60.827,7907.099999999999,-19.74549076134313,29.01,380.45,16.66,30,10,12,137.59,132,-6960.187770864255,32582.16591944921,25930.66618909914,-254.069140606304,1344.753,835.9000000000001,37.18,-13.362986905011024,377.69,13501.70441972331,579.1394681336325,1277.288458312283,20.52,48445.658,1661.565743235666,58.46343203428416,410.0529845228136,199.944,124.31739130434784,-0.4017841301547739,0.8926086956521739,5.914782608695652,0.238695652173913,0.3478260869565217,0.2608695652173913,0.0434782608695652,2.563478260869565,1.826086956521739,-408.6211964943207,554.3986746984192,338.53619234713415,-5.18655552727989,23.653739130434783,12.795652173913044,0.6247826086956522,-0.4486219389014671,11.944347826086956,200.1813835303095,11.26525199154356,16.540722054263497,0.3860869565217391,730.7205652173911,27.99715787764382,0.6921213038675748,6.438106696349374,2.644652173913044,125.5095238095238,-0.3134204882752879,0.4604761904761904,6.038888888888889,0.2644444444444444,0.4761904761904761,0.1587301587301587,0.1904761904761904,2.183968253968254,2.095238095238096,-110.47917096609928,517.1772368166542,411.5978760174467,-4.032843501687365,21.345285714285712,13.268253968253967,0.5901587301587301,-0.2121109032541432,5.9950793650793655,214.31276856703667,9.19268997037512,20.27441997321084,0.3257142857142857,768.9786984126985,26.374059416439145,0.9279909846711772,6.5087775321081525,3.173714285714285,5.526078701019287,4,0,0,0.333,0.508,0.159,0.476,0.27,0.254,0.302,0.46,0.238,0.079,0.81,0.111,0.381,0.206,0.079,0.397,0.302,0.159,0.27,0.381,0.349,0.339,0.113,0.113,0.306,0.274,0.145,0.29,0.194,0.226,0.113,0.016,0.21,0.21,0.065,0.016,0.306,0.129,0.081,0.21,0.242,0.274,7.5,-480.0
P00207_SF4_distal,3,0,1,0,5,1,4,0,0,2,0,2,0,0,2,0,1,0,1,1,6,1,2,3,9,3,4,3,0,3,0,4,1,2,4,3,6,0,2,7,2965.5,-10.290208342124316,10.749999999999998,137.55,6.59,12,5,4,49.23,53,-1451.3575370840458,11829.611777873546,9941.978107361068,-149.78593960074528,483.4899999999999,271.8,14.02,-5.234161879616964,190.42800000000005,4900.9459006894685,208.6151249132133,450.718775392158,7.430000000000001,17839.759000000002,585.5007121908594,24.15849648093222,152.91332988209905,72.932,7907.099999999999,-19.74549076134313,29.01,380.45,16.66,30,10,12,137.59,132,-6960.187770864255,32582.16591944921,25930.66618909914,-254.069140606304,1344.753,835.9000000000001,37.18,-13.362986905011024,377.69,13501.70441972331,579.1394681336325,1277.288458312283,20.52,48445.658,1661.565743235666,58.46343203428416,410.0529845228136,199.944,128.93478260869566,-0.4474003627010572,0.467391304347826,5.980434782608696,0.2865217391304347,0.5217391304347826,0.217391304347826,0.1739130434782608,2.140434782608696,2.3043478260869565,-63.10250161234982,514.3309468640672,432.2599177113508,-6.512432156554143,21.02130434782608,11.817391304347826,0.6095652173913043,-0.2275722556355201,8.279478260869567,213.08460437780292,9.070222822313625,19.596468495311218,0.3230434782608696,775.641695652174,25.45655270395041,1.0503694122144445,6.648405647047785,3.1709565217391305,125.5095238095238,-0.3134204882752879,0.4604761904761904,6.038888888888889,0.2644444444444444,0.4761904761904761,0.1587301587301587,0.1904761904761904,2.183968253968254,2.095238095238096,-110.47917096609928,517.1772368166542,411.5978760174467,-4.032843501687365,21.345285714285712,13.268253968253967,0.5901587301587301,-0.2121109032541432,5.9950793650793655,214.31276856703667,9.19268997037512,20.27441997321084,0.3257142857142857,768.9786984126985,26.374059416439145,0.9279909846711772,6.5087775321081525,3.173714285714285,6.888730525970459,4,0,0,0.333,0.508,0.159,0.476,0.27,0.254,0.302,0.46,0.238,0.079,0.81,0.111,0.381,0.206,0.079,0.397,0.302,0.159,0.27,0.381,0.349,0.339,0.113,0.113,0.306,0.274,0.145,0.29,0.194,0.226,0.113,0.016,0.21,0.21,0.065,0.016,0.306,0.129,0.081,0.21,0.242,0.274,7.5,-480.0
Q9FIA7_FES,0,1,0,0,5,0,0,3,0,1,1,0,0,1,1,2,3,0,1,0,5,5,5,5,8,8,14,12,1,12,15,9,1,4,5,17,8,0,6,8,2252.1,-4.549667974310566,14.36,119.11,4.0,6,5,3,38.23,40,-1535.5581110385226,10865.763283775046,7033.573949641695,-32.334187357818166,477.996,357.20000000000005,10.28,-10.836228699512208,236.546,4118.216456076788,177.65069166128,410.81200064152017,6.280000000000001,14319.297,623.1431674208146,12.99805606602241,105.97897352064076,63.82899999999999,19494.1,-54.37739058997698,58.48,890.5899999999998,41.45,82,9,39,312.68,323,548.5510794319271,73330.75120937714,67428.05689995055,-303.9113053488031,2855.255,1992.5,86.31,-44.1154103389333,516.364,33341.691473465005,1173.3956567244538,3206.977224799445,44.86,119486.82,3671.396039238682,150.16125273759008,976.8365188444676,469.01700000000005,118.53157894736842,-0.2394562091742403,0.7557894736842105,6.2689473684210535,0.2105263157894736,0.3157894736842105,0.2631578947368421,0.1578947368421052,2.0121052631578946,2.1052631578947367,-80.81884794939593,571.8822780934235,370.1881026127208,-1.7017993346220088,25.15768421052632,18.8,0.5410526315789473,-0.5703278262901162,12.449789473684213,216.74823453035725,9.350036403225264,21.62168424429053,0.3305263157894737,753.6472105263158,32.79700881162182,0.6841082140011795,5.577840711612672,3.3594210526315784,131.7168918918919,-0.3674148012836282,0.3951351351351351,6.017499999999998,0.2800675675675675,0.5540540540540541,0.0608108108108108,0.2635135135135135,2.1127027027027028,2.1824324324324325,3.7064262123778855,495.4780487120077,455.5949790537199,-2.0534547658702915,19.292263513513515,13.462837837837837,0.5831756756756757,-0.2980770968846845,3.488945945945946,225.28169914503383,7.928349031921985,21.668765032428684,0.3031081081081081,807.3433783783785,24.80672999485596,1.0146030590377708,6.600246748949106,3.1690337837837843,4.698328971862793,2,0,0,0.318,0.507,0.176,0.432,0.311,0.257,0.392,0.311,0.297,0.095,0.777,0.128,0.365,0.216,0.101,0.351,0.419,0.176,0.311,0.365,0.324,0.306,0.156,0.15,0.293,0.204,0.102,0.184,0.259,0.163,0.17,0.007,0.184,0.129,0.075,0.02,0.272,0.163,0.136,0.197,0.197,0.224,7.5,-152.0
P00211_SF4_proximal,2,0,1,0,5,1,1,2,0,2,0,2,0,0,1,0,0,0,0,3,2,0,3,3,8,2,9,5,0,4,2,2,1,0,3,3,0,0,2,10,2439.5,-4.885865800407165,12.86,128.29,5.120000000000001,4,5,4,41.97,35,-809.7894020656047,10397.560170221936,7826.214053489255,-65.61646577083337,388.621,294.8,11.86,-6.710626374108017,197.492,4166.492578349245,174.88280094088944,436.15502915842256,6.739999999999999,15918.363,585.2445135746607,17.592341301999564,116.6016504913608,62.703,7447.099999999999,-27.97322534295481,28.640000000000004,331.84,15.920000000000002,34,9,7,126.07000000000002,118,-6739.00230010487,29796.855839006774,25259.808280968413,-279.82699606120525,1118.2069999999997,808.8,34.92,-10.653387200694713,296.592,12701.688562088792,501.39847571102246,1146.1925778285,19.0,41887.92900000001,1487.163885697779,57.55651509318115,372.95417710102,182.867,121.975,-0.2442932900203582,0.643,6.414499999999999,0.256,0.2,0.25,0.2,2.0985,1.75,-40.48947010328023,519.8780085110968,391.31070267446273,-3.2808232885416686,19.43105,14.74,0.593,-0.3355313187054008,9.8746,208.32462891746223,8.744140047044471,21.80775145792113,0.3369999999999999,795.9181500000001,29.262225678733035,0.8796170650999782,5.8300825245680405,3.1351500000000003,126.22203389830509,-0.474122463439912,0.4854237288135594,5.624406779661016,0.2698305084745763,0.576271186440678,0.1525423728813559,0.1186440677966101,2.1367796610169494,2.0,-114.22037796787916,505.0314548984199,428.1323437452273,-4.742830441715343,18.952661016949147,13.708474576271186,0.591864406779661,-0.1805658847575375,5.026983050847457,215.28285698455585,8.498279249339364,19.42699284455085,0.3220338983050847,709.964898305085,25.206167554199645,0.9755341541217144,6.321257239000339,3.099440677966101,4.638064384460449,4,0,0,0.22,0.695,0.085,0.525,0.322,0.153,0.305,0.407,0.288,0.034,0.763,0.203,0.458,0.288,0.034,0.271,0.508,0.085,0.322,0.254,0.424,0.276,0.103,0.052,0.345,0.172,0.086,0.224,0.19,0.293,0.052,0.017,0.31,0.293,0.017,0.0,0.276,0.103,0.034,0.172,0.259,0.276,8.0,-500.0
P00211_SF4_distal,0,0,1,0,5,0,4,1,0,2,1,0,0,0,2,2,0,0,2,5,2,0,3,3,8,2,9,5,0,4,2,2,1,0,3,3,0,0,2,10,3261.0,-13.82665924957503,19.22,141.24,6.370000000000001,13,5,1,59.85,48,-3998.5875251657935,13818.92071153248,9828.912197232325,-144.0678675561773,514.7399999999999,311.4,15.35,-10.383912278568449,216.08000000000004,5334.869970808765,254.76925901984748,422.48012620302165,8.98,18237.714,668.0639163015634,20.653672249244448,162.4029079891261,67.284,7447.099999999999,-27.97322534295481,28.640000000000004,331.84,15.920000000000002,34,9,7,126.07000000000002,118,-6739.00230010487,29796.855839006774,25259.808280968413,-279.82699606120525,1118.2069999999997,808.8,34.92,-10.653387200694713,296.592,12701.688562088792,501.39847571102246,1146.1925778285,19.0,41887.92900000001,1487.163885697779,57.55651509318115,372.95417710102,182.867,130.44,-0.5530663699830012,0.7687999999999999,5.6496,0.2548,0.52,0.2,0.04,2.394,1.92,-159.94350100663178,552.7568284612992,393.156487889293,-5.762714702247092,20.5896,12.456,0.6140000000000001,-0.4153564911427379,8.643200000000002,213.3947988323506,10.190770360793898,16.899205048120866,0.3592,729.50856,26.722556652062536,0.8261468899697779,6.496116319565044,2.6913600000000004,126.22203389830509,-0.474122463439912,0.4854237288135594,5.624406779661016,0.2698305084745763,0.576271186440678,0.1525423728813559,0.1186440677966101,2.1367796610169494,2.0,-114.22037796787916,505.0314548984199,428.1323437452273,-4.742830441715343,18.952661016949147,13.708474576271186,0.591864406779661,-0.1805658847575375,5.026983050847457,215.28285698455585,8.498279249339364,19.42699284455085,0.3220338983050847,709.964898305085,25.206167554199645,0.9755341541217144,6.321257239000339,3.099440677966101,6.701256275177002,4,0,0,0.22,0.695,0.085,0.525,0.322,0.153,0.305,0.407,0.288,0.034,0.763,0.203,0.458,0.288,0.034,0.271,0.508,0.085,0.322,0.254,0.424,0.276,0.103,0.052,0.345,0.172,0.086,0.224,0.19,0.293,0.052,0.017,0.31,0.293,0.017,0.0,0.276,0.103,0.034,0.172,0.259,0.276,8.0,-440.0
O52396_FES,0,0,0,0,4,0,0,4,2,1,2,0,0,0,3,0,1,0,0,2,22,13,1,8,4,7,18,21,4,6,20,10,2,5,20,8,7,2,6,26,2215.1,-1.3921376467626434,16.48,121.22,3.96,1,4,4,40.81,21,-3417.4792113375343,11138.188632718044,7016.805236912494,-9.938287679242476,323.292,305.20000000000005,10.23,-6.53769865578316,203.784,4134.410496527447,194.27306614953685,427.6015011302188,6.27,14226.788000000002,672.4339869281048,12.940431924146525,110.17749657953928,52.331,27344.4,-47.21688060691736,84.74,1302.8300000000002,60.59,81,6,67,450.83,354,27644.46449655581,103753.65379776742,95373.71137114022,-223.43953831479257,3238.264,2494.2,123.98000000000002,-37.01501130439457,582.394,46555.80545533071,1738.7510700267508,4780.685943546798,63.390000000000015,173396.11999999997,5400.267343985279,223.67606027144348,1402.7007663636507,646.4639999999999,116.5842105263158,-0.0732704024611917,0.8673684210526316,6.38,0.2084210526315789,0.0526315789473684,0.2105263157894736,0.2105263157894736,2.147894736842105,1.105263157894737,-179.8673269125018,586.2204543535812,369.3055387848681,-0.5230677725917092,17.01536842105263,16.063157894736843,0.538421052631579,-0.3440894029359558,10.725473684210526,217.600552448813,10.224898218396676,22.50534216474836,0.3299999999999999,748.7783157894738,35.391262469900255,0.6810753644287645,5.798815609449435,2.7542631578947367,130.21142857142857,-0.2248422886043683,0.4035238095238095,6.203952380952382,0.2885238095238095,0.3857142857142857,0.0285714285714285,0.319047619047619,2.146809523809524,1.6857142857142855,131.64030712645624,494.0650180846067,454.16053033876295,-1.0639978014990124,15.420304761904765,11.877142857142855,0.5903809523809525,-0.1762619585923551,2.773304761904762,221.694311692051,8.279767000127384,22.765171159746657,0.3018571428571429,825.6958095238093,25.71555878088228,1.0651240965306832,6.679527458874527,3.0784,4.5944437980651855,2,1,0,0.314,0.486,0.2,0.505,0.271,0.224,0.457,0.267,0.276,0.11,0.767,0.124,0.338,0.219,0.129,0.41,0.371,0.2,0.271,0.419,0.31,0.292,0.11,0.23,0.244,0.22,0.148,0.22,0.263,0.139,0.177,0.024,0.158,0.115,0.096,0.081,0.301,0.167,0.167,0.225,0.167,0.244,7.0,140.0
P00198_SF4_proximal,4,1,0,1,5,0,1,1,0,2,0,0,0,0,2,1,0,0,1,2,9,1,2,6,8,1,3,4,0,5,0,0,1,0,4,3,1,0,2,6,2501.3,-6.065283358233837,14.92,128.11999999999998,5.54,6,5,3,44.78,36,2644.222932771574,10854.500687112451,7938.165484235404,-92.48995741044358,465.732,312.1,12.57,-6.92088549246812,211.63,4217.331031663244,195.36902702961552,422.16874025821,7.029999999999999,15427.915,581.252609830257,19.45830706832044,129.79180639523398,76.544,6590.5,-19.57122105514697,28.630000000000003,319.72,14.89,27,9,6,115.9,100,-1021.7879626447108,27698.9118626128,22424.82640547607,-258.19641224496627,1201.745,859.2,32.5,-7.894419545574152,294.658,11528.031600583694,483.6624917875386,1125.2375336783225,17.61,37705.581,1433.163972185366,54.80968357351618,352.0984008574188,209.966,119.10952380952382,-0.2888230170587541,0.7104761904761905,6.10095238095238,0.2638095238095238,0.2857142857142857,0.238095238095238,0.1428571428571428,2.1323809523809523,1.7142857142857142,125.91537775102734,516.880985100593,378.0078802016859,-4.404283686211599,22.177714285714284,14.861904761904762,0.5985714285714285,-0.3295659758318152,10.077619047619049,200.82528722205925,9.303287001410265,20.10327334562905,0.3347619047619047,734.662619047619,27.67869570620272,0.9265860508724018,6.180562209296856,3.6449523809523807,117.6875,-0.3494860902704816,0.5112500000000001,5.7092857142857145,0.2658928571428571,0.4821428571428571,0.1607142857142857,0.1071428571428571,2.069642857142857,1.7857142857142858,-18.24621361865555,494.6234261180856,400.44332866921553,-4.610650218660112,21.459732142857145,15.342857142857143,0.5803571428571429,-0.1409717775995384,5.261749999999999,205.85770715328024,8.63683021049176,20.093527387112896,0.3144642857142857,673.3139464285714,25.59221378902439,0.9787443495270748,6.287471443882478,3.7493928571428574,5.386987686157227,4,0,0,0.411,0.518,0.071,0.571,0.232,0.196,0.268,0.393,0.339,0.018,0.821,0.161,0.393,0.179,0.018,0.482,0.304,0.071,0.232,0.411,0.357,0.364,0.055,0.036,0.291,0.273,0.073,0.182,0.218,0.327,0.018,0.018,0.273,0.182,0.018,0.0,0.273,0.055,0.036,0.2,0.164,0.364,7.0,-434.0
P00198_SF4_distal,5,0,1,2,5,0,2,1,0,3,0,0,0,0,2,0,1,0,1,2,9,1,2,6,8,1,3,4,0,5,0,0,1,0,4,3,1,0,2,6,2973.9,-10.45149517520496,16.330000000000002,141.98999999999998,6.789999999999999,11,5,1,54.39,42,-2567.268496301883,12564.56735377912,9738.054159811036,-156.4640079750868,564.861,361.9,14.96,-5.586471535361163,197.272,5041.830905196016,231.49521750580595,473.4952419207985,8.17,16756.005999999998,634.4716574493048,24.584653765101915,161.74752883704338,93.05,6590.5,-19.57122105514697,28.630000000000003,319.72,14.89,27,9,6,115.9,100,-1021.7879626447108,27698.9118626128,22424.82640547607,-258.19641224496627,1201.745,859.2,32.5,-7.894419545574152,294.658,11528.031600583694,483.6624917875386,1125.2375336783225,17.61,37705.581,1433.163972185366,54.80968357351618,352.0984008574188,209.966,118.956,-0.4180598070081984,0.6532000000000001,5.679599999999999,0.2715999999999999,0.44,0.2,0.04,2.1756,1.68,-102.69073985207532,502.5826941511648,389.5221663924414,-6.258560319003472,22.59444,14.476,0.5983999999999999,-0.2234588614144465,7.890879999999999,201.67323620784063,9.259808700232238,18.93980967683194,0.3268,670.2402399999999,25.37886629797219,0.9833861506040766,6.469901153481735,3.722,117.6875,-0.3494860902704816,0.5112500000000001,5.7092857142857145,0.2658928571428571,0.4821428571428571,0.1607142857142857,0.1071428571428571,2.069642857142857,1.7857142857142858,-18.24621361865555,494.6234261180856,400.44332866921553,-4.610650218660112,21.459732142857145,15.342857142857143,0.5803571428571429,-0.1409717775995384,5.261749999999999,205.85770715328024,8.63683021049176,20.093527387112896,0.3144642857142857,673.3139464285714,25.59221378902439,0.9787443495270748,6.287471443882478,3.7493928571428574,5.4156904220581055,4,0,0,0.411,0.518,0.071,0.571,0.232,0.196,0.268,0.393,0.339,0.018,0.821,0.161,0.393,0.179,0.018,0.482,0.304,0.071,0.232,0.411,0.357,0.364,0.055,0.036,0.291,0.273,0.073,0.182,0.218,0.327,0.018,0.018,0.273,0.182,0.018,0.0,0.273,0.055,0.036,0.2,0.164,0.364,7.0,-434.0
O80429_FES,3,1,0,0,4,1,0,1,0,0,1,0,0,2,1,4,1,0,0,0,16,7,3,11,5,6,8,6,1,5,15,4,3,4,10,13,6,1,3,13,2208.4,-1.028957135026552,11.96,118.77,4.92,6,4,4,34.230000000000004,39,2266.0865195905617,9422.433239962653,7346.270205303825,-2.120261181977706,503.30099999999993,341.1,10.79,-7.27097610122002,207.65,3873.652176277996,149.0313079077786,413.9836415678017,5.87,14025.585000000005,531.5362457803636,17.543305137800477,108.3763613344666,79.781,18088.0,-40.6311588976399,59.63,836.8800000000001,40.75,69,8,37,300.76,267,9512.89069579612,67493.20573016882,62643.87037522884,-406.1328702533476,2797.295,1777.1,83.14999999999999,-24.878259512076635,444.71600000000007,30601.14154793823,1156.3135781242322,2969.941816241053,42.39999999999999,110370.97699999998,3321.4015195511406,148.75331701073233,962.032258189436,483.704,116.23157894736842,-0.054155638685608,0.6294736842105264,6.251052631578947,0.2589473684210526,0.3157894736842105,0.2105263157894736,0.2105263157894736,1.8015789473684207,2.0526315789473686,119.267711557398,495.9175389454028,386.6458002791487,-0.1115926937883003,26.48952631578947,17.952631578947365,0.5678947368421053,-0.3826829526957905,10.928947368421053,203.87643033042085,7.843753047777821,21.78861271409483,0.3089473684210526,738.1886842105265,27.97559188317703,0.9233318493579198,5.704019017603506,4.199000000000001,129.2,-0.2902225635545707,0.4259285714285714,5.977714285714287,0.2910714285714286,0.4928571428571429,0.0571428571428571,0.2642857142857143,2.148285714285714,1.9071428571428573,67.94921925568656,482.09432664406296,447.45621696592025,-2.900949073238197,19.980678571428573,12.693571428571428,0.5939285714285714,-0.1777018536576902,3.1765428571428576,218.57958248527308,8.259382700887373,21.21387011600752,0.3028571428571427,788.3641214285714,23.72429656822243,1.0625236929338024,6.871658987067399,3.455028571428571,4.462464332580566,2,0,0,0.371,0.464,0.164,0.464,0.279,0.257,0.429,0.264,0.307,0.079,0.786,0.136,0.35,0.193,0.086,0.443,0.357,0.164,0.279,0.393,0.329,0.338,0.122,0.158,0.295,0.23,0.079,0.201,0.201,0.187,0.137,0.007,0.194,0.137,0.079,0.022,0.281,0.151,0.115,0.165,0.209,0.266,7.5,-406.0
O52681_D79P_FES,4,0,0,0,4,0,0,3,0,0,2,0,0,0,2,0,1,0,0,1,12,5,6,4,4,3,18,12,0,13,14,15,6,4,8,5,8,0,9,13,1783.6,0.130742422104183,13.72,105.35,4.27,1,4,0,29.42,15,-1038.6253728478991,8443.767387296797,6148.045483735862,-3.4886322683765547,365.834,323.2,9.43,-5.340974159712666,216.984,3281.1901219412275,136.21767339414407,396.4211008541662,5.16,11055.121,532.2318705259885,15.978073067560413,87.85118460547429,73.396,21741.7,-63.74855453814489,65.0,975.5199999999998,47.1,75,10,39,354.16,291,2836.894185234444,78716.33928659634,74428.66674734782,-448.8487993180744,2736.2429999999995,1830.9000000000003,95.94,-47.73450348517783,496.832,36154.98495317402,1296.3599222052744,3489.807292730232,48.84,135876.182,3826.954885836701,170.50708414967076,1092.3972577227937,483.19600000000014,104.91764705882352,0.0076907307120107,0.8070588235294118,6.197058823529411,0.2511764705882353,0.0588235294117647,0.2352941176470588,0.0,1.7305882352941178,0.8823529411764706,-61.09561016752348,496.6921992527528,361.6497343374036,-0.2052136628456796,21.519647058823526,19.01176470588236,0.5547058823529412,-0.3141749505713333,12.763764705882354,193.0111836436016,8.012804317302592,23.318888285539188,0.3035294117647059,650.3012352941176,31.307757089764028,0.9398866510329654,5.167716741498488,4.3174117647058825,136.74025157232705,-0.4009343052713515,0.4088050314465409,6.135345911949684,0.2962264150943396,0.4716981132075472,0.0628930817610062,0.2452830188679245,2.2274213836477985,1.830188679245283,17.842101793927323,495.0713162679015,468.1048223103636,-2.822948423384116,17.20907547169811,11.515094339622644,0.6033962264150944,-0.3002170030514328,3.1247295597484275,227.38984247279257,8.153207057894807,21.948473539183848,0.3071698113207547,854.5671823899371,24.06889865306101,1.0723715984256024,6.870423004545873,3.0389685534591204,5.176973819732666,2,0,0,0.258,0.497,0.245,0.453,0.321,0.226,0.459,0.321,0.22,0.126,0.736,0.138,0.396,0.22,0.126,0.308,0.421,0.245,0.321,0.34,0.34,0.259,0.108,0.241,0.291,0.297,0.089,0.335,0.19,0.152,0.152,0.063,0.152,0.158,0.114,0.07,0.228,0.12,0.222,0.152,0.228,0.228,7.0,-332.0
P27320_FES,3,1,0,0,4,1,0,1,0,0,1,0,0,1,1,2,2,0,1,1,10,1,0,12,6,3,8,6,1,6,7,3,1,1,3,10,9,0,6,4,2290.2000000000003,-4.250733746171032,12.690000000000005,118.98,4.949999999999999,6,4,4,38.31,39,277.2075590083134,9745.208901338312,7291.228485149783,-44.36141047536989,482.1409999999999,305.1,11.14,-8.66044822832207,209.862,3904.782207237748,165.9124719289426,399.99445111198736,6.19,14522.988,527.2392087433266,17.0693698640761,114.35957066441168,72.52100000000002,12116.3,-45.28447684061084,33.93000000000001,536.83,27.1,68,7,11,200.04,207,-10712.65615770438,46644.49769480893,42632.73036847402,-426.8757812130404,2159.8190000000004,1422.2999999999995,56.0,-18.412278691450982,290.692,21027.117678809307,775.9281763562376,1928.71540897503,28.9,67886.66800000002,2219.344059002144,101.35018948034094,644.5390925048416,357.237,120.53684210526318,-0.2237228287458438,0.6678947368421054,6.262105263157895,0.2605263157894736,0.3157894736842105,0.2105263157894736,0.2105263157894736,2.0163157894736843,2.0526315789473686,14.589871526753337,512.9057316493848,383.7488676394623,-2.334811077651047,25.37584210526316,16.057894736842105,0.5863157894736842,-0.4558130646485299,11.045368421052627,205.51485301251304,8.73223536468119,21.05233953220986,0.3257894736842106,764.3677894736843,27.74943203912245,0.8983878875829527,6.018924771811141,3.816894736842106,124.91030927835052,-0.4668502767073282,0.3497938144329897,5.5343298969072166,0.2793814432989691,0.7010309278350515,0.0721649484536082,0.1134020618556701,2.0622680412371137,2.134020618556701,-110.43975420313797,480.8711102557621,439.5126842110723,-4.400781249618973,22.26617525773196,14.662886597938142,0.5773195876288659,-0.1898173060974328,2.9968247422680414,216.77440905988976,7.999259550064306,19.883664010051856,0.2979381443298969,699.8625567010312,22.87983565981592,1.044847314230319,6.644732912421048,3.682855670103093,4.504823207855225,2,0,0,0.485,0.381,0.134,0.412,0.278,0.309,0.351,0.33,0.32,0.041,0.753,0.206,0.32,0.144,0.052,0.515,0.289,0.134,0.278,0.464,0.258,0.406,0.115,0.115,0.25,0.25,0.104,0.219,0.25,0.188,0.073,0.01,0.281,0.083,0.042,0.01,0.292,0.135,0.083,0.188,0.167,0.24,8.0,-412.0
P00210_SF4,3,0,0,0,5,1,2,0,0,2,0,1,2,0,1,1,1,0,1,3,8,1,0,6,5,3,12,2,1,4,0,3,3,2,3,2,1,1,2,6,2988.0999999999995,-9.31606386569735,17.76,137.21999999999997,6.59,8,7,2,53.3,40,-3449.338936590273,11572.838206659184,9056.742187235444,-116.6331703636159,540.0949999999999,291.1,14.670000000000002,-9.566135517510784,256.85,4689.948328934943,213.2264005649496,415.26991175579457,8.08,17843.059,559.3575892928023,21.827739430637347,150.2761818410645,78.08700000000002,8585.2,-33.92330338901291,21.67,356.30999999999995,20.06,44,8,12,137.55,137,-1836.0849597735728,30442.260807498897,30413.13654702444,-362.1886077900269,1231.805,770.1000000000001,39.720000000000006,-5.2958055076402495,205.26600000000005,14129.537209071896,505.9740884009928,1252.1578431353655,19.66,47671.114,1356.292688151059,76.38537229929834,445.30173656950456,222.191,129.9173913043478,-0.4050462550303195,0.7721739130434784,5.966086956521738,0.2865217391304347,0.3478260869565217,0.3043478260869565,0.0869565217391304,2.3173913043478263,1.7391304347826086,-149.97125811262055,503.1668785503993,393.7713994450193,-5.071007407113735,23.48239130434782,12.656521739130437,0.6378260869565218,-0.4159189355439471,11.167391304347827,203.9107969102149,9.270713068041283,18.055213554599764,0.3513043478260869,775.7851739130435,24.31989518664358,0.9490321491581456,6.5337470365680215,3.39508695652174,132.08,-0.5218969752155832,0.3333846153846154,5.481692307692307,0.3086153846153846,0.676923076923077,0.123076923076923,0.1846153846153846,2.1161538461538463,2.107692307692308,-28.24746091959343,468.3424739615215,467.8944084157607,-5.572132427538876,18.95084615384616,11.84769230769231,0.6110769230769232,-0.081473930886773,3.1579384615384622,217.37749552418305,7.784216744630657,19.26396681746716,0.3024615384615384,733.4017538461538,20.86604135617014,1.175159573835359,6.850795947223147,3.418323076923077,4.429259300231934,4,0,0,0.292,0.508,0.2,0.431,0.385,0.185,0.477,0.323,0.2,0.062,0.662,0.277,0.354,0.277,0.077,0.338,0.385,0.2,0.385,0.292,0.323,0.297,0.172,0.094,0.312,0.25,0.109,0.344,0.25,0.094,0.062,0.031,0.359,0.219,0.062,0.016,0.234,0.172,0.094,0.141,0.281,0.266,7.0,-385.0
P05340_FES,2,0,0,1,3,0,0,3,1,1,0,2,1,1,0,0,2,0,1,2,42,13,9,19,9,9,27,24,5,17,26,20,8,6,13,14,16,1,6,28,2509.8,-6.524418317273932,11.36,126.42,5.09,5,4,4,42.06,31,-2994.819613668408,10323.593328532492,8149.260257118141,-44.76812440570115,413.9389999999999,319.1000000000001,11.53,-8.5906915026252,160.45199999999997,4368.305560318791,164.37031152226987,451.05162533520985,6.44,16213.975,558.5755412317876,17.538550653869613,119.42368105522988,67.98200000000001,40189.9,-94.39906221696064,105.82,1892.01,93.25,146,17,88,653.97,576,17599.732696581028,145171.09697840005,143073.60922300586,-697.1980164439805,5728.688000000001,4029.7,185.30000000000004,-48.43974889308,820.704,68151.88985899034,2378.2730652407163,7002.534781069844,92.05,249451.71,7328.838347127876,349.88475948802,2101.614279364586,1086.995,125.49,-0.3262209158636966,0.5680000000000001,6.321,0.2545,0.25,0.2,0.2,2.103,1.55,-149.74098068342042,516.1796664266246,407.4630128559071,-2.2384062202850576,20.69695,15.955000000000004,0.5765,-0.42953457513126,8.022599999999999,218.4152780159396,8.218515576113493,22.55258126676049,0.3219999999999999,810.69875,27.92877706158938,0.8769275326934807,5.971184052761495,3.3991000000000007,128.81378205128206,-0.3025610968492328,0.3391666666666666,6.064134615384615,0.2988782051282051,0.4679487179487179,0.0544871794871794,0.282051282051282,2.096057692307693,1.8461538461538465,56.40939966852893,465.291977494872,458.56926033014696,-2.23460902706404,18.36117948717949,12.91570512820513,0.5939102564102565,-0.1552556054265384,2.6304615384615384,218.4355444198408,7.622670080899732,22.44402173419822,0.2950320512820513,799.5247115384615,23.48986649720473,1.1214255111795512,6.7359432030916215,3.4839583333333337,21.96454429626465,2,0,0,0.369,0.442,0.189,0.49,0.311,0.199,0.481,0.266,0.253,0.106,0.747,0.147,0.324,0.186,0.122,0.41,0.372,0.189,0.311,0.385,0.304,0.37,0.1,0.219,0.325,0.212,0.119,0.27,0.248,0.145,0.167,0.026,0.219,0.109,0.113,0.055,0.331,0.109,0.193,0.219,0.225,0.257,7.4,-254.0
P00221_FES,3,1,0,0,4,1,0,1,0,0,1,0,0,1,1,4,1,0,1,0,15,4,3,11,5,5,9,12,1,4,11,6,8,4,9,10,17,1,4,8,2212.1,-2.782284801685166,11.130000000000004,118.76,4.87,7,4,4,34.230000000000004,42,2436.116030399416,9563.833239962652,7318.728485149783,-15.44555144858318,503.30099999999993,341.1,10.77,-8.315443265956251,201.342,3887.720803728977,150.9913079077786,412.8674669850033,5.9,14044.628000000002,535.2762457803636,17.36358755115093,107.81025093652052,79.40100000000001,18543.6,-41.16223454697534,54.62,864.0,41.25,79,13,29,304.76,278,-12790.851670462598,71534.25256627619,65244.57148205414,-355.7515411428413,3042.889,2053.2000000000003,84.71999999999998,-22.34562962637266,480.0860000000001,32260.87748856975,1197.672556071236,3163.6879176307366,43.470000000000006,110777.07,3611.341632279544,152.72228633277587,977.9803262635108,523.139,116.42631578947368,-0.1464360421939561,0.5857894736842106,6.2505263157894735,0.2563157894736842,0.3684210526315789,0.2105263157894736,0.2105263157894736,1.8015789473684207,2.210526315789474,128.21663317891662,503.3596442085607,385.1962360605149,-0.8129237604517464,26.48952631578947,17.95263157894737,0.5668421052631579,-0.4376549087345395,10.596947368421052,204.61688440678824,7.946910942514664,21.72986668342123,0.3105263157894737,739.1909473684212,28.17243398844019,0.9138730290079436,5.674223733501081,4.179,126.14693877551022,-0.2800152009998322,0.3715646258503401,5.877551020408164,0.2806122448979591,0.5374149659863946,0.0884353741496598,0.1972789115646258,2.0731972789115645,1.891156462585034,-87.01259639770475,486.62756847806935,443.8406223268989,-2.420078511175791,20.699925170068028,13.967346938775512,0.5763265306122448,-0.1520110858936915,3.265891156462586,219.46175162292343,8.147432354226094,21.521686514494807,0.2957142857142857,753.5855102040816,24.56694987945268,1.03892711791004,6.652927389547693,3.558768707482993,4.430877685546875,2,0,0,0.442,0.367,0.19,0.408,0.259,0.333,0.401,0.293,0.306,0.068,0.796,0.136,0.306,0.177,0.075,0.503,0.272,0.19,0.259,0.463,0.279,0.308,0.178,0.13,0.219,0.295,0.11,0.212,0.226,0.185,0.13,0.007,0.144,0.116,0.048,0.021,0.26,0.212,0.089,0.178,0.151,0.281,7.4,-401.0
P18187_P238C_SF4_intermediate,0,0,4,0,1,0,0,0,0,0,1,0,0,1,4,0,0,1,0,2,36,8,13,14,13,9,20,32,0,15,21,20,8,13,22,11,16,4,9,22,1880.1,-2.6829426583865423,10.2,89.32,3.08,4,1,5,34.93,24,-1951.2132127477043,9088.608869616222,5816.350255226753,-94.10477628877412,255.78000000000003,132.8,7.82,-2.3791884645949404,37.262,3401.2797040192863,176.6992621621297,287.1524687371097,4.74,11852.476,468.316458677488,9.673711507800016,103.53387676205556,30.118,39206.100000000006,-80.98273239761787,129.79,1867.05,86.16,126,21,70,629.9800000000001,513,3248.353851484284,151553.59046459792,137116.21928444336,-568.3412710555449,5470.768999999999,4150.7,177.31,-68.71095889736682,1057.7959999999998,67943.15521056896,2442.716116636489,6936.897877873432,91.15,243173.6,7876.315650091798,319.3981288184144,1975.8530697663348,1037.106,134.29285714285714,-0.1916387613133244,0.7285714285714285,6.38,0.2199999999999999,0.2857142857142857,0.0714285714285714,0.3571428571428571,2.495,1.7142857142857142,-139.37237233912174,649.1863478297302,415.45358965905376,-6.721769734912438,18.270000000000003,9.485714285714286,0.5585714285714286,-0.1699420331853529,2.6615714285714285,242.94855028709188,12.62137586872355,20.510890624079263,0.3385714285714286,846.6054285714287,33.45117561982057,0.6909793934142868,7.395276911575396,2.1512857142857142,128.1245098039216,-0.2646494522797969,0.4241503267973855,6.101470588235294,0.2815686274509804,0.4117647058823529,0.0686274509803921,0.2287581699346405,2.058758169934641,1.6764705882352942,10.61553546236694,495.2731714529344,448.0922198838018,-1.857324415214199,17.878330065359474,13.56437908496732,0.5794444444444444,-0.2245456173116563,3.4568496732026137,222.0364549364999,7.982732407308786,22.669600908083112,0.297875816993464,794.6849673202614,25.73959362775097,1.0437847347007003,6.4570361757069765,3.389235294117647,20.250429153442383,4,0,0,0.356,0.441,0.203,0.51,0.275,0.216,0.399,0.301,0.301,0.092,0.797,0.111,0.343,0.209,0.092,0.428,0.327,0.203,0.275,0.412,0.314,0.344,0.164,0.161,0.298,0.223,0.121,0.203,0.22,0.21,0.138,0.013,0.19,0.148,0.039,0.03,0.302,0.203,0.108,0.259,0.161,0.275,8.0,-250.0
P18187_P238C_SF4_distal,0,1,0,1,5,0,0,1,0,0,2,1,0,2,2,0,0,0,1,2,36,8,13,14,13,9,20,32,0,15,21,20,8,13,22,11,16,4,9,22,2467.9,-8.103775988680393,16.75,116.22,4.34,3,5,4,41.36,32,1647.0689841049295,10772.58081531758,7378.904267847074,-139.29106090435477,411.826,241.0,10.71,-11.421760585578372,245.056,4143.045560664762,183.76923307357148,359.8018448757614,6.369999999999999,16165.355,546.9314330903302,13.386601780478731,115.98493338053264,49.97,39206.100000000006,-80.98273239761787,129.79,1867.05,86.16,126,21,70,629.9800000000001,513,3248.353851484284,151553.59046459792,137116.21928444336,-568.3412710555449,5470.768999999999,4150.7,177.31,-68.71095889736682,1057.7959999999998,67943.15521056896,2442.716116636489,6936.897877873432,91.15,243173.6,7876.315650091798,319.3981288184144,1975.8530697663348,1037.106,137.10555555555555,-0.4502097771489107,0.9305555555555556,6.456666666666667,0.2411111111111111,0.1666666666666666,0.2777777777777778,0.2222222222222222,2.2977777777777777,1.7777777777777777,91.50383245027386,598.4767119620878,409.9391259915041,-7.738392272464154,22.87922222222222,13.388888888888888,0.5950000000000001,-0.634542254754354,13.61422222222222,230.169197814709,10.209401837420636,19.988991381986743,0.3538888888888888,898.0752777777777,30.385079616129456,0.743700098915485,6.443607410029592,2.776111111111111,128.1245098039216,-0.2646494522797969,0.4241503267973855,6.101470588235294,0.2815686274509804,0.4117647058823529,0.0686274509803921,0.2287581699346405,2.058758169934641,1.6764705882352942,10.61553546236694,495.2731714529344,448.0922198838018,-1.857324415214199,17.878330065359474,13.56437908496732,0.5794444444444444,-0.2245456173116563,3.4568496732026137,222.0364549364999,7.982732407308786,22.669600908083112,0.297875816993464,794.6849673202614,25.73959362775097,1.0437847347007003,6.4570361757069765,3.389235294117647,9.20326042175293,4,0,0,0.356,0.441,0.203,0.51,0.275,0.216,0.399,0.301,0.301,0.092,0.797,0.111,0.343,0.209,0.092,0.428,0.327,0.203,0.275,0.412,0.314,0.344,0.164,0.161,0.298,0.223,0.121,0.203,0.22,0.21,0.138,0.013,0.19,0.148,0.039,0.03,0.302,0.203,0.108,0.259,0.161,0.275,8.0,-380.0
P18187_P238C_SF4_proximal,1,0,0,0,4,0,2,5,0,1,0,0,0,0,3,1,3,0,0,1,36,8,13,14,13,9,20,32,0,15,21,20,8,13,22,11,16,4,9,22,2182.0,0.2915786438791631,11.11,123.0,4.380000000000001,8,4,0,37.75,32,-4315.541708211569,11513.005482534894,7701.110185820528,29.13116424694161,379.5,392.8,10.74,-1.8033090129821885,164.80800000000002,4319.471112811752,191.13360746007808,473.0100876971506,6.36,12583.121,719.9879144820324,16.646988487865983,107.97895491883573,70.18299999999999,39206.100000000006,-80.98273239761787,129.79,1867.05,86.16,126,21,70,629.9800000000001,513,3248.353851484284,151553.59046459792,137116.21928444336,-568.3412710555449,5470.768999999999,4150.7,177.31,-68.71095889736682,1057.7959999999998,67943.15521056896,2442.716116636489,6936.897877873432,91.15,243173.6,7876.315650091798,319.3981288184144,1975.8530697663348,1037.106,103.9047619047619,0.0138846973275791,0.529047619047619,5.857142857142857,0.2085714285714286,0.3809523809523809,0.1904761904761904,0.0,1.7976190476190477,1.5238095238095235,-205.5019861053128,548.2383563111855,366.7195326581204,1.3871982974734098,18.071428571428573,18.704761904761902,0.5114285714285715,-0.0858718577610565,7.848000000000001,205.6891006100834,9.101600355241814,22.524289890340505,0.3028571428571429,599.1962380952381,34.28513878485868,0.7927137375174278,5.1418549961350335,3.3420476190476185,128.1245098039216,-0.2646494522797969,0.4241503267973855,6.101470588235294,0.2815686274509804,0.4117647058823529,0.0686274509803921,0.2287581699346405,2.058758169934641,1.6764705882352942,10.61553546236694,495.2731714529344,448.0922198838018,-1.857324415214199,17.878330065359474,13.56437908496732,0.5794444444444444,-0.2245456173116563,3.4568496732026137,222.0364549364999,7.982732407308786,22.669600908083112,0.297875816993464,794.6849673202614,25.73959362775097,1.0437847347007003,6.4570361757069765,3.389235294117647,17.306020736694336,4,0,0,0.356,0.441,0.203,0.51,0.275,0.216,0.399,0.301,0.301,0.092,0.797,0.111,0.343,0.209,0.092,0.428,0.327,0.203,0.275,0.412,0.314,0.344,0.164,0.161,0.298,0.223,0.121,0.203,0.22,0.21,0.138,0.013,0.19,0.148,0.039,0.03,0.302,0.203,0.108,0.259,0.161,0.275,8.0,-380.0
P00195_SF4_proximal,4,0,0,0,5,0,0,2,0,2,0,0,0,1,2,2,0,0,0,3,8,0,3,5,8,2,2,4,0,5,0,1,1,1,3,5,1,0,1,6,2363.8,-0.9519961903378894,19.35,129.14,5.16,2,5,0,44.26,21,-912.344805179264,10883.336421748189,7061.797680579924,-7.88210539729133,454.092,346.40000000000003,12.420000000000002,-8.088165254619385,245.828,4036.6987306841806,196.9373339079224,423.97015293624656,7.259999999999999,14506.062,626.010737628385,17.079997444085635,117.73771271154742,77.746,6567.1,-16.498206485864557,28.96,323.6000000000001,14.650000000000002,26,9,6,114.12,101,-4179.376813581862,27583.69870632464,22181.527620837944,-202.22476350429872,1238.196,889.0,32.3,-9.233532922205589,301.59399999999994,11544.716910454146,472.4607564395533,1137.3148545061802,17.65,38016.431,1448.5389981316416,53.0992633307696,344.3276513888887,210.595,112.56190476190476,-0.0453331519208518,0.9214285714285714,6.149523809523809,0.2457142857142857,0.0952380952380952,0.238095238095238,0.0,2.1076190476190475,1.0,-43.44499072282209,518.2541153213422,336.2760800276154,-0.3753383522519681,21.62342857142857,16.495238095238097,0.5914285714285715,-0.3851507264104469,11.70609523809524,192.22374908019907,9.377968281329638,20.189054901726028,0.3457142857142856,690.7648571428572,29.81003512516119,0.8133332116231254,5.606557748168925,3.702190476190476,117.26964285714288,-0.2946108301047242,0.5171428571428571,5.77857142857143,0.2616071428571428,0.4642857142857143,0.1607142857142857,0.1071428571428571,2.037857142857143,1.8035714285714288,-74.63172881396181,492.5660483272257,396.0987075149633,-3.6111564911481913,22.110642857142857,15.875,0.5767857142857142,-0.1648845164679569,5.3856071428571415,206.1556591152526,8.43679922213488,20.309193830467503,0.3151785714285714,678.8648392857142,25.86676782377932,0.9482011309066,6.14870806051587,3.760625,5.085961818695068,4,0,0,0.411,0.518,0.071,0.571,0.232,0.196,0.25,0.393,0.357,0.018,0.857,0.125,0.393,0.179,0.018,0.464,0.321,0.071,0.232,0.393,0.375,0.436,0.036,0.055,0.309,0.273,0.109,0.182,0.218,0.364,0.036,0.0,0.236,0.182,0.036,0.0,0.309,0.036,0.055,0.255,0.164,0.364,8.0,-393.0
P00195_SF4_distal,4,0,2,1,5,0,1,1,0,3,0,0,0,0,2,0,1,0,1,1,8,0,3,5,8,2,2,4,0,5,0,1,1,1,3,5,1,0,1,6,2609.9,-8.501658465068907,15.61,130.34,5.640000000000001,8,5,2,47.88,39,-2394.31724774489,11604.505978117742,8371.211227381147,-136.56774391715902,518.175,332.8,12.9,-6.747130290414642,196.616,4520.090095210408,212.35976777035623,434.8163881658578,7.260000000000001,15360.391,609.5182182958655,19.91209185496237,140.5366713715275,80.478,6567.1,-16.498206485864557,28.96,323.6000000000001,14.650000000000002,26,9,6,114.12,101,-4179.376813581862,27583.69870632464,22181.527620837944,-202.22476350429872,1238.196,889.0,32.3,-9.233532922205589,301.59399999999994,11544.716910454146,472.4607564395533,1137.3148545061802,17.65,38016.431,1448.5389981316416,53.0992633307696,344.3276513888887,210.595,118.63181818181816,-0.3864390211394957,0.7095454545454546,5.924545454545455,0.2563636363636364,0.3636363636363636,0.2272727272727272,0.0909090909090909,2.1763636363636363,1.7727272727272727,-108.83260217022227,527.4775444598973,380.5096012445976,-6.207624723507228,23.55340909090909,15.127272727272729,0.5863636363636364,-0.3066877404733928,8.93709090909091,205.4586406913822,9.652716716834377,19.764381280266264,0.33,698.199590909091,27.705373558902977,0.9050950843164712,6.388030516887613,3.658090909090909,117.26964285714288,-0.2946108301047242,0.5171428571428571,5.77857142857143,0.2616071428571428,0.4642857142857143,0.1607142857142857,0.1071428571428571,2.037857142857143,1.8035714285714288,-74.63172881396181,492.5660483272257,396.0987075149633,-3.6111564911481913,22.110642857142857,15.875,0.5767857142857142,-0.1648845164679569,5.3856071428571415,206.1556591152526,8.43679922213488,20.309193830467503,0.3151785714285714,678.8648392857142,25.86676782377932,0.9482011309066,6.14870806051587,3.760625,4.970224380493164,4,0,0,0.411,0.518,0.071,0.571,0.232,0.196,0.25,0.393,0.357,0.018,0.857,0.125,0.393,0.179,0.018,0.464,0.321,0.071,0.232,0.393,0.375,0.436,0.036,0.055,0.309,0.273,0.109,0.182,0.218,0.364,0.036,0.0,0.236,0.182,0.036,0.0,0.309,0.036,0.055,0.255,0.164,0.364,8.0,-393.0
P09947_FE,0,0,0,1,4,0,0,2,0,0,1,0,0,1,1,1,0,0,1,6,1,0,0,9,4,1,5,5,0,1,2,2,1,2,7,2,1,1,3,6,2257.2,-7.343932963653857,17.840000000000003,106.48,4.08,4,4,0,43.15,22,-3557.7910175739744,10179.82664655606,6288.657263617693,-79.37439189879514,378.665,266.29999999999995,10.88,-9.65038535573366,197.532,3765.658420206064,184.8921015585724,319.9157830650586,6.799999999999999,13323.096,526.2090296631474,11.701925321041491,106.0009933204306,50.093,6770.400000000001,-25.090122387869247,21.82,288.29999999999995,13.370000000000005,35,5,4,111.89,98,-4881.897487893226,28938.57297551949,23472.139229634904,-342.4222071275128,960.318,705.3,29.67,-4.581280057932049,123.074,12121.398923471956,488.20947600430185,1019.3886365024512,16.3,37221.133,1392.5533796406555,49.41324116664443,347.89281549219675,159.235,125.4,-0.4079962757585476,0.9911111111111112,5.915555555555555,0.2266666666666666,0.2222222222222222,0.2222222222222222,0.0,2.397222222222222,1.2222222222222223,-197.65505653188745,565.54592480867,349.3698479787608,-4.409688438821952,21.036944444444444,14.794444444444444,0.6044444444444445,-0.5361325197629812,10.974,209.2032455670036,10.271783419920686,17.773099059169922,0.3777777777777777,740.172,29.23383498128597,0.6501069622800828,5.888944073357256,2.7829444444444444,127.7433962264151,-0.4733985356201745,0.4116981132075472,5.439622641509433,0.2522641509433963,0.660377358490566,0.0943396226415094,0.0754716981132075,2.1111320754716982,1.849056603773585,-92.11127335647596,546.0108108588583,442.87055150254537,-6.460796360896468,18.11920754716981,13.30754716981132,0.5598113207547171,-0.0864392463760763,2.322150943396226,228.7056400655086,9.21149954725098,19.233747858536816,0.3075471698113207,702.2855283018869,26.27459206869161,0.9323253050310272,6.564015386645222,3.004433962264151,4.222527980804443,1,0,0,0.34,0.491,0.17,0.415,0.321,0.264,0.226,0.34,0.434,0.038,0.698,0.264,0.377,0.245,0.038,0.472,0.283,0.17,0.321,0.358,0.321,0.365,0.115,0.173,0.192,0.269,0.231,0.077,0.288,0.308,0.038,0.038,0.385,0.135,0.019,0.019,0.327,0.115,0.173,0.269,0.154,0.25,7.0,-61.0
D9PYF6_SF4,0,0,1,1,4,2,1,1,0,2,0,2,1,0,1,0,0,0,2,0,24,7,3,13,5,11,23,27,1,17,24,27,11,10,13,12,19,3,10,21,2478.7,-11.807629607306335,9.2,111.22,4.66,9,5,5,38.02000000000001,47,-899.7637823012474,10140.88552130704,8117.488344632011,-152.9364459932683,386.081,242.2,10.5,-8.895895467674002,151.68,4241.54133831427,158.0355642216403,373.01648607151657,5.84,15515.415,493.0158979556734,16.10281754658011,114.60996819755248,52.545,37586.40000000001,-89.3465159415604,111.13999999999996,1717.2000000000005,82.22,127,16,67,601.3499999999999,488,-3545.3500559209288,136914.29767852265,130275.37448490332,-487.3639855390424,4855.346,3494.1000000000004,166.70000000000002,-75.74597561451463,853.37,63411.67108401971,2196.122201793448,6280.246316529563,84.47999999999999,234643.448,6812.441804210439,300.29706658720954,1871.976625451831,896.569,137.70555555555555,-0.6559794226281297,0.5111111111111111,6.178888888888888,0.2588888888888889,0.5,0.2777777777777778,0.2777777777777778,2.112222222222223,2.611111111111111,-49.98687679451374,563.3825289615022,450.9715747017784,-8.496469221848239,21.448944444444443,13.455555555555556,0.5833333333333334,-0.4942164148707779,8.426666666666668,235.64118546190392,8.779753567868905,20.723138115084254,0.3244444444444444,861.9675000000001,27.38977210864852,0.8946009748100061,6.367220455419583,2.919166666666667,133.75943060498224,-0.3179591314646277,0.3955160142348753,6.111032028469752,0.2925978647686832,0.4519572953736654,0.0569395017793594,0.2384341637010676,2.140035587188612,1.7366548042704626,-12.616904113597611,487.2394935178742,463.6134323306168,-1.7343914076122506,17.278811387900355,12.434519572953738,0.5932384341637011,-0.2695586320801232,3.036903914590748,225.66430990754347,7.815381501044299,22.34963101967816,0.3006405693950177,835.0300640569395,24.24356513953893,1.0686728348299273,6.661838524739612,3.190637010676157,14.491074562072754,4,0,0,0.338,0.416,0.246,0.466,0.299,0.235,0.456,0.302,0.242,0.121,0.751,0.128,0.359,0.178,0.125,0.384,0.352,0.246,0.299,0.377,0.324,0.282,0.146,0.232,0.25,0.189,0.121,0.232,0.186,0.179,0.164,0.05,0.171,0.139,0.089,0.068,0.279,0.179,0.186,0.182,0.189,0.261,7.5,-450.0
O52681_G121P_FES,4,0,0,1,4,0,0,2,0,0,2,0,0,0,2,0,1,0,0,1,12,5,6,5,4,3,18,11,0,13,14,15,6,4,8,5,8,0,9,13,1834.6,-1.8171038821503465,12.95,102.23,4.390000000000001,3,4,0,31.020000000000003,19,-1230.7584870210253,8425.859694989105,6302.878817069194,-52.47052647002256,397.834,304.2,9.6,-4.247407529107606,201.584,3313.43615368726,142.61767339414408,370.7044341874995,5.21,11018.059,497.3395628336808,16.361406400893745,95.85118460547427,73.326,21792.7,-65.69640084239941,64.22999999999999,972.4,47.22,77,10,39,355.75999999999993,295,2644.7610710613235,78698.43159428865,74583.50008068113,-497.8306935197203,2768.2429999999995,1811.9000000000003,96.11,-46.640936854572765,481.432,36187.23098492005,1302.7599222052745,3464.090626063565,48.89,135839.12,3792.062578144393,170.8904174830041,1100.3972577227937,483.1260000000001,107.91764705882352,-0.1068884636559027,0.7617647058823529,6.013529411764705,0.2582352941176471,0.1764705882352941,0.2352941176470588,0.0,1.8247058823529407,1.1176470588235294,-72.3975580600603,495.6388055875945,370.7575774746585,-3.08650155706015,23.402,17.894117647058824,0.5647058823529412,-0.2498475017122121,11.857882352941177,194.90800904042703,8.389274905537887,21.80614318749997,0.3064705882352941,648.1211176470588,29.255268401981223,0.9624356706408086,5.638304976792605,4.313294117647058,137.06100628930818,-0.4131849109584868,0.4039622641509433,6.115723270440251,0.2969811320754716,0.4842767295597484,0.0628930817610062,0.2452830188679245,2.2374842767295595,1.8553459119496856,16.633717428058638,494.9586892722557,469.0786168596297,-3.1310106510674234,17.41033333333333,11.395597484276731,0.6044654088050314,-0.2933392255004576,3.0278742138364776,227.5926477038997,8.193458630221853,21.786733497255128,0.3074842767295597,854.3340880503144,23.84945017700876,1.0747824998931077,6.920737469954678,3.038528301886793,5.493105888366699,2,0,0,0.258,0.497,0.245,0.447,0.327,0.226,0.459,0.321,0.22,0.126,0.73,0.145,0.396,0.22,0.126,0.308,0.421,0.245,0.327,0.333,0.34,0.259,0.108,0.241,0.304,0.297,0.089,0.335,0.19,0.152,0.152,0.063,0.165,0.158,0.114,0.07,0.228,0.12,0.222,0.158,0.234,0.222,7.0,-383.0
P00208_SF4_proximal,0,0,1,2,6,0,2,0,0,3,0,0,0,0,1,0,1,0,1,4,3,2,2,6,9,2,14,5,2,7,3,2,2,0,5,4,6,0,3,6,2746.6,-14.66389032918982,18.04,116.95999999999998,5.14,11,6,1,54.43,45,-5515.416556420005,11855.847010941132,7915.89266615737,-220.2437751438803,515.664,263.79999999999995,13.060000000000002,-8.537907326595926,215.12,4461.352370620965,233.3156106203168,320.26172174708773,7.92,15292.684,544.6790959802725,15.721874337318074,145.36516571151748,56.037000000000006,10682.9,-41.263949966132536,31.19,463.2900000000001,22.97,57,11,16,181.38,192,-8415.84738356013,41901.11242138781,37164.56895078831,-442.3624649788061,1662.188,1068.8,48.690000000000005,-9.866767016151115,328.10799999999995,18286.10896643384,726.4716060103758,1609.564116430393,25.72,60199.86799999999,2014.3158654964463,85.1029213191745,567.0878547248903,257.22700000000003,130.7904761904762,-0.6982804918661818,0.8590476190476191,5.569523809523808,0.2447619047619047,0.5238095238095238,0.2857142857142857,0.0476190476190476,2.591904761904762,2.142857142857143,-262.63888363904783,564.5641433781491,376.9472698170176,-10.487798816375252,24.55542857142857,12.56190476190476,0.621904761904762,-0.4065670155521869,10.243809523809524,212.44535098195072,11.11026717239604,15.25055817843275,0.3771428571428571,728.2230476190476,25.937099808584403,0.7486606827294321,6.922150748167499,2.668428571428572,128.70963855421687,-0.4971560236883438,0.3757831325301204,5.581807228915664,0.2767469879518072,0.6867469879518072,0.1325301204819277,0.1927710843373494,2.185301204819277,2.3132530120481927,-101.3957516091582,504.8326797757568,447.7658909733531,-5.329668252756701,20.02636144578313,12.87710843373494,0.5866265060240965,-0.1188767110379652,3.953108433734939,220.31456586064863,8.752669951932239,19.39233875217341,0.3098795180722892,725.2996144578311,24.26886584935478,1.0253364014358373,6.832383791866149,3.099120481927711,5.467318534851074,4,0,0,0.289,0.578,0.133,0.398,0.337,0.265,0.361,0.373,0.265,0.048,0.711,0.241,0.361,0.277,0.072,0.349,0.41,0.133,0.337,0.337,0.325,0.366,0.085,0.122,0.305,0.171,0.207,0.268,0.207,0.171,0.073,0.024,0.341,0.195,0.061,0.024,0.354,0.085,0.122,0.293,0.22,0.159,7.0,-640.0
P00208_SF4_distal,2,0,1,0,5,1,3,1,0,2,2,0,0,0,1,1,1,0,0,2,3,2,2,6,9,2,14,5,2,7,3,2,2,0,5,4,6,0,3,6,2717.4999999999995,-9.109377087774924,15.960000000000004,125.77999999999996,6.11,10,5,2,47.16000000000001,43,-3796.953585980789,10874.760516172284,8924.880464139538,-109.57447687325164,507.911,318.20000000000005,13.35,-7.017334631926324,226.056,4500.865442005563,191.1669024874909,413.71165998279525,7.24,15368.636,554.6737209413681,21.61803193667636,139.7739129447293,76.561,10682.9,-41.263949966132536,31.19,463.2900000000001,22.97,57,11,16,181.38,192,-8415.84738356013,41901.11242138781,37164.56895078831,-442.3624649788061,1662.188,1068.8,48.690000000000005,-9.866767016151115,328.10799999999995,18286.10896643384,726.4716060103758,1609.564116430393,25.72,60199.86799999999,2014.3158654964463,85.1029213191745,567.0878547248903,257.22700000000003,123.52272727272724,-0.4140625948988601,0.7254545454545456,5.717272727272726,0.2777272727272727,0.4545454545454545,0.2272727272727272,0.0909090909090909,2.143636363636364,1.9545454545454544,-172.5887993627631,494.30729618964926,405.67638473361535,-4.980658039693257,23.086863636363635,14.463636363636368,0.6068181818181819,-0.318969755996651,10.275272727272728,204.58479281843464,8.689404658522315,18.805075453763425,0.3290909090909091,698.5743636363636,25.212441860971275,0.9826378153034708,6.353359679305877,3.4800454545454547,128.70963855421687,-0.4971560236883438,0.3757831325301204,5.581807228915664,0.2767469879518072,0.6867469879518072,0.1325301204819277,0.1927710843373494,2.185301204819277,2.3132530120481927,-101.3957516091582,504.8326797757568,447.7658909733531,-5.329668252756701,20.02636144578313,12.87710843373494,0.5866265060240965,-0.1188767110379652,3.953108433734939,220.31456586064863,8.752669951932239,19.39233875217341,0.3098795180722892,725.2996144578311,24.26886584935478,1.0253364014358373,6.832383791866149,3.099120481927711,9.646652221679688,4,0,0,0.289,0.578,0.133,0.398,0.337,0.265,0.361,0.373,0.265,0.048,0.711,0.241,0.361,0.277,0.072,0.349,0.41,0.133,0.337,0.337,0.325,0.366,0.085,0.122,0.305,0.171,0.207,0.268,0.207,0.171,0.073,0.024,0.341,0.195,0.061,0.024,0.354,0.085,0.122,0.293,0.22,0.159,7.0,-467.0
Q9X1L9_SF4_proximal,1,1,1,1,5,0,1,1,0,3,0,1,1,1,2,1,0,0,1,2,2,6,5,5,9,0,11,7,1,5,5,6,2,3,5,4,3,2,6,5,3037.7,-9.184552073452696,17.220000000000002,143.71999999999997,5.789999999999999,7,6,5,53.91,44,1348.3642515680206,12909.202754781629,9304.837904952876,-134.01386238741625,499.9189999999999,305.40000000000003,13.769999999999998,-9.97571611315871,214.488,5093.765162077183,229.7023446987885,455.2964765744618,7.98,19245.883,653.9357708578258,18.763417189363054,151.76058471042245,67.44200000000001,12575.5,-46.839346631552615,34.63,563.64,25.23,50,11,33,197.53,220,12087.587658794271,48692.07288129828,43297.00073099055,-469.9621024255748,1777.1699999999998,1189.8999999999996,53.49,-30.09451662305333,381.256,21579.008696608504,771.8354430067127,2010.589555670773,28.260000000000005,78823.202,2386.91864937923,91.9478189602487,621.4045332016071,275.349,132.07391304347826,-0.3993283510196824,0.7486956521739131,6.248695652173912,0.2517391304347826,0.3043478260869565,0.2608695652173913,0.217391304347826,2.3439130434782607,1.9130434782608696,58.62453267687046,561.2696849905055,404.5581697805598,-5.826689669018098,21.73560869565217,13.27826086956522,0.598695652173913,-0.4337267875286395,9.325565217391302,221.46805052509487,9.987058465164717,19.795498981498337,0.3469565217391304,836.7775217391303,28.43199003729677,0.8158007473636111,6.598286291757498,2.932260869565218,136.69021739130434,-0.5091233329516589,0.3764130434782609,6.1265217391304345,0.2742391304347826,0.5434782608695652,0.1195652173913043,0.358695652173913,2.1470652173913045,2.391304347826087,131.38682237819862,529.2616617532422,470.6195731629408,-5.108283722017117,19.317065217391303,12.93369565217391,0.5814130434782608,-0.3271143111201449,4.14408695652174,234.55444235444023,8.389515684855573,21.85423430076927,0.3071739130434783,856.7739347826088,25.94476792803511,0.999432814785312,6.754397100017469,2.992923913043478,7.210239887237549,4,0,0,0.228,0.489,0.283,0.413,0.359,0.228,0.359,0.359,0.283,0.13,0.696,0.174,0.402,0.228,0.141,0.283,0.337,0.283,0.359,0.304,0.337,0.231,0.11,0.319,0.319,0.22,0.187,0.308,0.209,0.242,0.22,0.044,0.22,0.22,0.176,0.055,0.165,0.165,0.242,0.231,0.275,0.242,8.0,-710.0
Q9X1L9_SF4_distal,1,1,0,1,6,0,1,2,0,0,2,0,0,1,1,0,1,1,1,2,2,6,5,5,9,0,11,7,1,5,5,6,2,3,5,4,3,2,6,5,2736.2,-10.985348464363444,18.950000000000003,126.92,5.26,6,6,4,44.71000000000001,40,-344.44228805895216,11651.534058153176,8497.699168803121,-141.09905302887387,508.243,334.80000000000007,12.42,-13.445226709286498,285.052,4607.455011889932,189.1580124314685,414.8131795929007,7.16,16664.024,595.6841682228448,17.48221583467451,126.76553589893022,70.397,12575.5,-46.839346631552615,34.63,563.64,25.23,50,11,33,197.53,220,12087.587658794271,48692.07288129828,43297.00073099055,-469.9621024255748,1777.1699999999998,1189.8999999999996,53.49,-30.09451662305333,381.256,21579.008696608504,771.8354430067127,2010.589555670773,28.260000000000005,78823.202,2386.91864937923,91.9478189602487,621.4045332016071,275.349,130.2952380952381,-0.5231118316363544,0.9023809523809524,6.043809523809523,0.2504761904761904,0.2857142857142857,0.2857142857142857,0.1904761904761904,2.12904761904762,1.9047619047619049,-16.40201371709296,554.8349551501512,404.6523413715772,-6.71900252518447,24.20204761904761,15.942857142857148,0.5914285714285714,-0.6402488909184046,13.573904761904762,219.4026196138063,9.007524401498502,19.753008552042893,0.3409523809523809,793.5249523809524,28.36591277251642,0.8324864683178338,6.036454090425249,3.3522380952380955,136.69021739130434,-0.5091233329516589,0.3764130434782609,6.1265217391304345,0.2742391304347826,0.5434782608695652,0.1195652173913043,0.358695652173913,2.1470652173913045,2.391304347826087,131.38682237819862,529.2616617532422,470.6195731629408,-5.108283722017117,19.317065217391303,12.93369565217391,0.5814130434782608,-0.3271143111201449,4.14408695652174,234.55444235444023,8.389515684855573,21.85423430076927,0.3071739130434783,856.7739347826088,25.94476792803511,0.999432814785312,6.754397100017469,2.992923913043478,8.206537246704102,4,0,0,0.228,0.489,0.283,0.413,0.359,0.228,0.359,0.359,0.283,0.13,0.696,0.174,0.402,0.228,0.141,0.283,0.337,0.283,0.359,0.304,0.337,0.231,0.11,0.319,0.319,0.22,0.187,0.308,0.209,0.242,0.22,0.044,0.22,0.22,0.176,0.055,0.165,0.165,0.242,0.231,0.275,0.242,8.0,-415.0
P00221_E142K_FES,3,1,0,0,4,1,0,1,0,0,1,0,0,1,1,4,1,0,1,0,15,4,3,11,5,5,8,12,0,4,11,7,8,4,9,10,17,1,4,8,2212.1,-2.782284801685166,11.130000000000004,118.76,4.87,7,4,4,34.230000000000004,42,2436.116030399416,9563.833239962652,7318.728485149783,-15.44555144858318,503.30099999999993,341.1,10.77,-8.315443265956251,201.342,3887.720803728977,150.9913079077786,412.8674669850033,5.9,14044.628000000002,535.2762457803636,17.36358755115093,107.81025093652052,79.40100000000001,18420.6,-39.16197703467495,54.13999999999999,863.21,40.88,77,13,28,302.1,274,-11657.333957699111,71164.19634934497,64699.301640784295,-342.4361653256902,3022.327,2043.7,84.11,-23.28078857947802,481.2800000000001,32058.185730927056,1188.790446282876,3160.340298583118,43.23,110855.62,3606.72175794092,151.00747151796105,967.5850881682728,519.529,116.42631578947368,-0.1464360421939561,0.5857894736842106,6.2505263157894735,0.2563157894736842,0.3684210526315789,0.2105263157894736,0.2105263157894736,1.8015789473684207,2.210526315789474,128.21663317891662,503.3596442085607,385.1962360605149,-0.8129237604517464,26.48952631578947,17.95263157894737,0.5668421052631579,-0.4376549087345395,10.596947368421052,204.61688440678824,7.946910942514664,21.72986668342123,0.3105263157894737,739.1909473684212,28.17243398844019,0.9138730290079436,5.674223733501081,4.179,126.16849315068497,-0.2682327194155818,0.3708219178082191,5.9123972602739725,0.2799999999999999,0.5273972602739726,0.0890410958904109,0.1917808219178082,2.0691780821917805,1.8767123287671232,-79.84475313492543,487.4260023927738,443.1459016492075,-2.3454531871622617,20.7008698630137,13.997945205479452,0.5760958904109589,-0.159457456023822,3.296438356164384,219.5766145953908,8.142400317006,21.64616642865149,0.2960958904109589,759.2850684931508,24.703573684526845,1.0342977501230208,6.6272951244402245,3.558417808219178,4.604642391204834,2,0,0,0.445,0.363,0.192,0.411,0.26,0.329,0.397,0.295,0.308,0.075,0.795,0.13,0.308,0.171,0.075,0.507,0.267,0.192,0.26,0.459,0.281,0.31,0.179,0.131,0.221,0.297,0.11,0.214,0.228,0.186,0.131,0.007,0.145,0.117,0.048,0.021,0.262,0.214,0.09,0.179,0.152,0.283,7.4,-308.0
P73811_SF4_proximal,1,0,0,1,5,1,0,1,0,3,2,0,0,0,1,2,1,0,0,2,11,10,4,8,8,8,7,4,0,9,11,4,4,5,7,12,6,1,1,14,2466.4,-6.488550551283928,19.160000000000007,118.57,4.97,6,5,1,46.7,33,-3810.134645916312,10576.970039981808,7287.685439357556,-86.62129362695849,489.35,303.2,12.060000000000002,-9.917315689570266,235.768,4094.733515663171,196.27404534463383,361.89658689163537,7.09,14642.303000000004,547.4403876080347,15.468351906561542,126.6399365346659,65.285,17825.800000000003,-40.18161710738944,62.05,823.63,38.97,61,12,47,302.22,284,15618.497742148533,65484.18190363418,59992.639114516605,-408.850421771977,2701.576,1612.6999999999998,81.13999999999999,-30.72525073930348,523.206,29553.25398532996,1141.3021141072263,2834.6015781546,42.17,112220.139,3192.139666603033,137.71954274994738,937.4114991793464,429.89899999999983,123.32,-0.3244275275641964,0.9580000000000004,5.9285,0.2485,0.3,0.25,0.05,2.335,1.65,-190.5067322958156,528.8485019990903,364.3842719678778,-4.331064681347924,24.4675,15.16,0.6030000000000001,-0.4958657844785133,11.7884,204.7366757831585,9.813702267231692,18.09482934458177,0.3545,732.1151500000002,27.37201938040173,0.7734175953280771,6.331996826733295,3.26425,133.02835820895524,-0.2998628142342496,0.4630597014925373,6.146492537313433,0.290820895522388,0.4552238805970149,0.0895522388059701,0.3507462686567164,2.2553731343283583,2.1194029850746268,116.55595329961592,488.6879246539864,447.7062620486314,-3.051122550537141,20.16101492537313,12.03507462686567,0.6055223880597014,-0.2292929159649513,3.9045223880597018,220.54667153231307,8.517179956024078,21.153743120556715,0.3147014925373134,837.463723880597,23.8219378104704,1.0277577817160253,6.995608202830942,3.208201492537312,5.130191326141357,4,0,0,0.301,0.511,0.188,0.474,0.301,0.226,0.414,0.331,0.256,0.105,0.789,0.105,0.398,0.195,0.105,0.353,0.398,0.188,0.301,0.308,0.391,0.356,0.098,0.114,0.318,0.25,0.136,0.227,0.205,0.205,0.152,0.015,0.182,0.212,0.083,0.015,0.326,0.121,0.083,0.182,0.273,0.273,8.5,-516.0
P73811_SF4_distal,1,2,0,0,5,1,2,0,0,2,1,0,0,0,1,0,2,0,0,3,11,10,4,8,8,8,7,4,0,9,11,4,4,5,7,12,6,1,1,14,2663.5,-8.012337284723912,14.69,125.35000000000002,5.539999999999999,7,5,7,50.2,48,1033.461809220305,10490.916397328165,8101.127630857811,-117.84367731056346,447.4529999999999,221.29999999999995,12.73,-7.464734638091592,218.888,4197.743318859687,204.6160884866769,376.24938259056006,7.189999999999999,16994.319000000003,519.6714824391296,18.012736370024353,141.1004492989114,53.861,17825.800000000003,-40.18161710738944,62.05,823.63,38.97,61,12,47,302.22,284,15618.497742148533,65484.18190363418,59992.639114516605,-408.850421771977,2701.576,1612.6999999999998,81.13999999999999,-30.72525073930348,523.206,29553.25398532996,1141.3021141072263,2834.6015781546,42.17,112220.139,3192.139666603033,137.71954274994738,937.4114991793464,429.89899999999983,133.175,-0.4006168642361956,0.7344999999999999,6.267500000000001,0.2769999999999999,0.35,0.25,0.35,2.51,2.4,51.67309046101525,524.5458198664082,405.05638154289056,-5.892183865528173,22.37265,11.064999999999998,0.6365000000000001,-0.3732367319045796,10.9444,209.88716594298435,10.230804424333844,18.812469129528004,0.3594999999999999,849.7159500000001,25.98357412195648,0.9006368185012177,7.05502246494557,2.69305,133.02835820895524,-0.2998628142342496,0.4630597014925373,6.146492537313433,0.290820895522388,0.4552238805970149,0.0895522388059701,0.3507462686567164,2.2553731343283583,2.1194029850746268,116.55595329961592,488.6879246539864,447.7062620486314,-3.051122550537141,20.16101492537313,12.03507462686567,0.6055223880597014,-0.2292929159649513,3.9045223880597018,220.54667153231307,8.517179956024078,21.153743120556715,0.3147014925373134,837.463723880597,23.8219378104704,1.0277577817160253,6.995608202830942,3.208201492537312,7.138221740722656,4,0,0,0.301,0.511,0.188,0.474,0.301,0.226,0.414,0.331,0.256,0.105,0.789,0.105,0.398,0.195,0.105,0.353,0.398,0.188,0.301,0.308,0.391,0.356,0.098,0.114,0.318,0.25,0.136,0.227,0.205,0.205,0.152,0.015,0.182,0.212,0.083,0.015,0.326,0.121,0.083,0.182,0.273,0.273,8.5,-420.0
P33164_FES,0,0,0,1,4,0,1,2,0,0,0,1,1,0,1,4,1,0,0,3,24,26,11,24,8,7,21,23,7,13,24,13,7,16,17,30,22,4,5,20,2140.0,-2.254825638420834,9.47,112.54,4.26,9,5,1,36.43,38,-2244.739556652098,9962.375356471874,6990.466498997973,-19.283942035387803,458.589,343.6,10.489999999999998,-3.48487451657351,157.182,3900.379692687704,165.7966158089418,381.0338584010844,6.23,12829.508,568.0618366003623,14.490445460026832,104.4938954240233,66.703,42149.7,-90.82006509989888,97.89,1983.38,90.97,165,15,127,683.3100000000001,711,48121.83355844424,158456.0918815705,148998.37896216867,-707.1702735782633,6270.502,4243.299999999999,185.95,-53.02743108736281,638.23,73003.82298619288,2600.379625621054,7286.785819768444,94.98,267465.922,7997.138384524975,336.48690732972005,2215.909581583908,1062.0030000000002,112.63157894736842,-0.1186750336010965,0.4984210526315789,5.923157894736842,0.2242105263157894,0.4736842105263157,0.2631578947368421,0.0526315789473684,1.917368421052632,2.0,-118.1441871922157,524.335545077467,367.9192894209459,-1.0149443176519897,24.13626315789473,18.08421052631579,0.5521052631578947,-0.183414448240711,8.272736842105262,205.28314172040544,8.726137674154831,20.054413600057075,0.3278947368421052,675.2372631578947,29.89799140001907,0.7626550242119385,5.499678706527542,3.510684210526316,130.89968944099377,-0.2820498916145928,0.3040062111801241,6.159565217391304,0.2825155279503105,0.5124223602484472,0.046583850931677,0.3944099378881988,2.122080745341615,2.2080745341614905,149.44668806970262,492.0996642284798,462.7278849756791,-2.196180973845538,19.47360869565217,13.177950310559003,0.5774844720496894,-0.1646814630042323,1.982080745341615,226.7199471620897,8.075713123046752,22.62976962661008,0.2949689440993789,830.6395093167703,24.835833492313583,1.0449903954339133,6.881706775105305,3.29814596273292,17.749053955078125,2,0,0,0.382,0.376,0.242,0.41,0.317,0.273,0.401,0.273,0.326,0.121,0.739,0.14,0.301,0.174,0.143,0.435,0.298,0.242,0.317,0.398,0.286,0.28,0.206,0.196,0.268,0.259,0.162,0.218,0.274,0.187,0.181,0.044,0.199,0.103,0.084,0.044,0.259,0.227,0.168,0.262,0.168,0.243,7.0,-174.0
P00208_V14G_SF4_proximal,0,0,1,2,6,0,2,1,0,3,0,0,0,0,1,0,1,0,1,3,3,2,2,6,9,2,14,6,0,7,3,2,2,0,5,4,6,0,3,5,2666.7,-13.836098154185724,16.82,117.01,5.0,11,6,1,50.76,45,-4935.096580542595,11799.636184730303,8030.84504710975,-198.76572218749985,504.654,299.8,12.580000000000002,-8.171709352153966,211.46,4491.784701448033,219.7230180277242,348.44267412804004,7.58,14814.691,569.0751073762838,16.037520595821476,137.87536979315013,60.297,10296.6,-39.3335704309386,29.71,447.96000000000015,22.290000000000003,57,11,12,171.72999999999996,186,-7279.743782615145,40710.08678036217,36258.18799840735,-415.5919926935144,1622.4740000000002,1095.2,47.07,-9.357232684884476,323.2,17778.997437611786,690.7308652696349,1586.4784021446785,24.78,57365.659,1981.7489139294948,83.6185675776779,539.6647254731896,258.89500000000004,126.98571428571428,-0.6588618168659869,0.800952380952381,5.5719047619047615,0.238095238095238,0.5238095238095238,0.2857142857142857,0.0476190476190476,2.4171428571428573,2.142857142857143,-235.0045990734569,561.8874373681098,382.4211927195119,-9.465034389880945,24.031142857142857,14.276190476190475,0.5990476190476192,-0.3891290167692365,10.069523809523808,213.89450959276348,10.463000858463058,16.59250829181143,0.3609523809523809,705.4614761904762,27.09881463696589,0.7636914569438799,6.565493799673815,2.8712857142857144,127.11851851851851,-0.4855996349498592,0.3667901234567901,5.530370370370372,0.2751851851851852,0.7037037037037037,0.1358024691358024,0.1481481481481481,2.120123456790123,2.2962962962962963,-89.87338003228575,502.5936639550886,447.6319505976216,-5.13076534189524,20.030543209876544,13.520987654320988,0.5811111111111111,-0.1155213911714132,3.990123456790123,219.49379552607144,8.527541546538703,19.586153112897264,0.3059259259259259,708.218012345679,24.466035974438206,1.0323279947861468,6.662527474977649,3.196234567901235,5.591257095336914,4,0,0,0.309,0.58,0.111,0.407,0.346,0.247,0.346,0.37,0.284,0.049,0.704,0.247,0.358,0.284,0.049,0.37,0.407,0.111,0.346,0.333,0.321,0.388,0.075,0.113,0.312,0.175,0.212,0.263,0.2,0.188,0.075,0.025,0.35,0.2,0.05,0.013,0.362,0.075,0.113,0.312,0.212,0.175,7.0,-594.0
P00208_V14G_SF4_distal,2,0,1,0,5,1,3,1,0,2,2,0,0,0,1,1,1,0,0,2,3,2,2,6,9,2,14,6,0,7,3,2,2,0,5,4,6,0,3,5,2717.4999999999995,-9.109377087774924,15.960000000000004,125.77999999999996,6.11,10,5,2,47.16000000000001,43,-3796.953585980789,10874.760516172284,8924.880464139538,-109.57447687325164,507.911,318.20000000000005,13.35,-7.017334631926324,226.056,4500.865442005563,191.1669024874909,413.71165998279525,7.24,15368.636,554.6737209413681,21.61803193667636,139.7739129447293,76.561,10296.6,-39.3335704309386,29.71,447.96000000000015,22.290000000000003,57,11,12,171.72999999999996,186,-7279.743782615145,40710.08678036217,36258.18799840735,-415.5919926935144,1622.4740000000002,1095.2,47.07,-9.357232684884476,323.2,17778.997437611786,690.7308652696349,1586.4784021446785,24.78,57365.659,1981.7489139294948,83.6185675776779,539.6647254731896,258.89500000000004,123.52272727272724,-0.4140625948988601,0.7254545454545456,5.717272727272726,0.2777272727272727,0.4545454545454545,0.2272727272727272,0.0909090909090909,2.143636363636364,1.9545454545454544,-172.5887993627631,494.30729618964926,405.67638473361535,-4.980658039693257,23.086863636363635,14.463636363636368,0.6068181818181819,-0.318969755996651,10.275272727272728,204.58479281843464,8.689404658522315,18.805075453763425,0.3290909090909091,698.5743636363636,25.212441860971275,0.9826378153034708,6.353359679305877,3.4800454545454547,127.11851851851851,-0.4855996349498592,0.3667901234567901,5.530370370370372,0.2751851851851852,0.7037037037037037,0.1358024691358024,0.1481481481481481,2.120123456790123,2.2962962962962963,-89.87338003228575,502.5936639550886,447.6319505976216,-5.13076534189524,20.030543209876544,13.520987654320988,0.5811111111111111,-0.1155213911714132,3.990123456790123,219.49379552607144,8.527541546538703,19.586153112897264,0.3059259259259259,708.218012345679,24.466035974438206,1.0323279947861468,6.662527474977649,3.196234567901235,7.778514862060547,4,0,0,0.309,0.58,0.111,0.407,0.346,0.247,0.346,0.37,0.284,0.049,0.704,0.247,0.358,0.284,0.049,0.37,0.407,0.111,0.346,0.333,0.321,0.388,0.075,0.113,0.312,0.175,0.212,0.263,0.2,0.188,0.075,0.025,0.35,0.2,0.05,0.013,0.362,0.075,0.113,0.312,0.212,0.175,7.0,-465.0
P56263_FE,0,0,0,0,4,0,1,3,0,0,2,0,0,1,1,1,0,0,1,4,4,0,0,6,4,0,3,6,1,1,4,4,1,2,6,1,1,1,3,4,2231.3,-6.794894389602597,17.23,106.69,4.23,4,4,0,38.36,22,-2760.564981557457,9917.65700878642,6759.184913387278,-46.26133421276928,363.181,297.4,10.52,-10.550954836749444,217.428,3822.816732653851,161.6622277286985,355.2591778423243,6.29,13109.082,539.3530671071849,13.47461568751066,98.80481162194476,55.845,6684.500000000001,-19.154492651457183,24.99,307.23,13.63,23,5,7,106.88000000000002,79,-1618.892113385639,27769.11483551135,23082.94595612166,-226.8272486890084,920.901,715.3999999999999,29.36,-12.45994772807009,219.466,11852.153521086402,448.2854070177329,1116.944887754705,15.73,40160.173,1413.572869872646,50.15598863371604,332.6565644532118,167.228,123.96111111111112,-0.3774941327556998,0.9572222222222222,5.927222222222222,0.235,0.2222222222222222,0.2222222222222222,0.0,2.131111111111111,1.2222222222222223,-153.3647211976365,550.980944932579,375.5102729659599,-2.570074122931626,20.17672222222222,16.522222222222222,0.5844444444444444,-0.5861641575971913,12.079333333333333,212.3787073696584,8.981234873816582,19.73662099124024,0.3494444444444444,728.2823333333332,29.96405928373249,0.7485897604172589,5.489156201219153,3.1025,128.54807692307693,-0.3683556279126381,0.480576923076923,5.908269230769231,0.2621153846153846,0.4423076923076923,0.0961538461538461,0.1346153846153846,2.055384615384616,1.5192307692307692,-31.13254064203152,534.021439144449,443.9028068484935,-4.362062474788623,17.709634615384616,13.757692307692306,0.5646153846153846,-0.2396143793859632,4.2205,227.9260292516616,8.620873211879479,21.47970937989817,0.3025,772.3110192307693,27.18409365139704,0.9645382429560776,6.397241624100227,3.215923076923077,4.241616249084473,1,0,0,0.346,0.423,0.231,0.5,0.25,0.25,0.327,0.308,0.365,0.077,0.75,0.173,0.385,0.173,0.096,0.462,0.231,0.231,0.25,0.423,0.327,0.333,0.216,0.118,0.176,0.314,0.176,0.196,0.314,0.235,0.098,0.02,0.255,0.137,0.039,0.0,0.216,0.216,0.118,0.235,0.118,0.275,7.0,-46.0
Q9X2D5_SF4_proximal,1,0,0,1,5,0,0,2,0,3,1,2,1,1,1,0,2,0,1,2,11,6,4,9,8,2,10,7,1,10,8,16,3,5,10,4,7,3,4,11,3037.7,-9.079985171895288,20.02,144.17000000000002,5.73,5,6,2,54.97,34,-4127.245821520063,12765.088743792614,8992.079237771437,-111.86794028140066,510.4879999999999,322.00000000000006,13.86,-13.4657736512915,256.6,5045.184436596907,226.1849683251621,455.6903331121894,8.129999999999999,19294.628,651.6215538248589,17.748816114002967,147.35594544709252,67.84900000000002,19014.700000000004,-46.65781620791684,54.89999999999999,878.1800000000001,39.71,59,11,45,314.31000000000006,271,11405.570078455376,71500.34606510622,64172.097144973726,-521.2878221662413,2482.0660000000003,1549.0000000000002,83.14,-36.26111107175096,455.5779999999999,31907.448612629178,1214.8621028076102,3059.756246223112,43.43,123403.202,3508.085833516043,141.7128611250289,972.5621655338764,404.2120000000001,132.07391304347826,-0.3947819639954473,0.8704347826086957,6.268260869565218,0.2491304347826086,0.217391304347826,0.2608695652173913,0.0869565217391304,2.39,1.4782608695652173,-179.44547050087232,555.0038584257658,390.9599668596277,-4.863823490495681,22.195130434782605,14.000000000000002,0.602608695652174,-0.5854684196213695,11.156521739130437,219.3558450694308,9.834129057615742,19.812623178790844,0.3534782608695652,838.8968695652175,28.331371905428647,0.7716876571305638,6.40678023683011,2.949956521739132,136.7964028776979,-0.3356677425029988,0.3949640287769783,6.317841726618705,0.28568345323741,0.4244604316546763,0.079136690647482,0.3237410071942446,2.261223021582734,1.9496402877697845,82.05446099608184,514.3909788856563,461.6697636329045,-3.750272101915405,17.856589928057556,11.143884892086332,0.5981294964028777,-0.2608713026744673,3.2775395683453232,229.5499900189149,8.740015128112304,22.012634864914475,0.3124460431654676,887.7928201438848,25.23802757925211,1.0195169865109992,6.996850111754507,2.9080000000000004,5.449528694152832,4,0,0,0.273,0.453,0.273,0.453,0.338,0.209,0.41,0.345,0.245,0.158,0.705,0.137,0.374,0.187,0.165,0.345,0.324,0.273,0.338,0.317,0.345,0.297,0.181,0.261,0.29,0.188,0.13,0.239,0.261,0.196,0.181,0.065,0.196,0.138,0.08,0.072,0.254,0.239,0.174,0.232,0.188,0.254,8.0,-725.0
Q9X2D5_SF4_distal,1,2,1,0,5,1,0,1,0,0,0,0,2,1,2,0,2,0,1,2,11,6,4,9,8,2,10,7,1,10,8,16,3,5,10,4,7,3,4,11,2742.8,-6.543806930689035,14.78,137.17000000000002,5.22,5,7,8,47.28999999999999,48,1456.3393490079704,11911.91355260953,8459.517865270338,-117.2336089945668,508.7519999999999,289.79999999999995,12.43,-8.779290519114316,243.728,4649.297061741597,211.10649570129456,442.7232424474778,7.209999999999999,18183.529,628.5473049012678,16.848112956558815,136.49719185327965,65.07000000000001,19014.700000000004,-46.65781620791684,54.89999999999999,878.1800000000001,39.71,59,11,45,314.31000000000006,271,11405.570078455376,71500.34606510622,64172.097144973726,-521.2878221662413,2482.0660000000003,1549.0000000000002,83.14,-36.26111107175096,455.5779999999999,31907.448612629178,1214.8621028076102,3059.756246223112,43.43,123403.202,3508.085833516043,141.7128611250289,972.5621655338764,404.2120000000001,130.6095238095238,-0.311609853842335,0.7038095238095238,6.531904761904762,0.2485714285714285,0.238095238095238,0.3333333333333333,0.3809523809523809,2.2519047619047616,2.2857142857142856,69.34949280990335,567.2339786956919,402.8341840604923,-5.582552809265086,24.22628571428571,13.799999999999995,0.5919047619047619,-0.4180614532911579,11.606095238095238,221.39509817817128,10.052690271490215,21.08205916416561,0.3433333333333332,865.8823333333332,29.930824042917514,0.8022910931694673,6.499866278727602,3.0985714285714288,136.7964028776979,-0.3356677425029988,0.3949640287769783,6.317841726618705,0.28568345323741,0.4244604316546763,0.079136690647482,0.3237410071942446,2.261223021582734,1.9496402877697845,82.05446099608184,514.3909788856563,461.6697636329045,-3.750272101915405,17.856589928057556,11.143884892086332,0.5981294964028777,-0.2608713026744673,3.2775395683453232,229.5499900189149,8.740015128112304,22.012634864914475,0.3124460431654676,887.7928201438848,25.23802757925211,1.0195169865109992,6.996850111754507,2.9080000000000004,8.8373441696167,4,0,0,0.273,0.453,0.273,0.453,0.338,0.209,0.41,0.345,0.245,0.158,0.705,0.137,0.374,0.187,0.165,0.345,0.324,0.273,0.338,0.317,0.345,0.297,0.181,0.261,0.29,0.188,0.13,0.239,0.261,0.196,0.181,0.065,0.196,0.138,0.08,0.072,0.254,0.239,0.174,0.232,0.188,0.254,8.0,-320.0
P49949_F3S,4,0,0,2,4,0,0,1,0,3,1,1,0,1,1,1,0,0,0,4,8,2,4,8,7,4,3,9,4,8,2,5,1,3,11,3,4,1,3,13,2857.7,-6.705437522035807,19.320000000000004,138.21,6.31,5,4,1,54.05,26,-1502.5570834814146,11388.166441020854,8676.514246566403,-91.33852579311235,493.798,316.0,14.310000000000002,-8.618481181987597,198.89,4633.943547082361,212.34364256386343,439.3503460100666,7.999999999999999,17374.96,573.8933555687235,20.86299475175948,149.0448726749296,79.901,13146.7,-27.84544080469988,49.68,630.3000000000001,26.57,40,8,28,233.8700000000001,177,-4762.586403642873,54984.54333691192,43499.0677399213,-316.4266983981816,1757.667,1269.4,59.51000000000001,-17.51218286371834,309.828,22958.809326317056,980.145144053573,2197.1958737035548,32.940000000000005,81804.42399999998,2838.861310312924,93.13713702873667,691.0245170900213,294.47900000000004,124.2478260869565,-0.2915407618276437,0.8400000000000002,6.009130434782609,0.2743478260869565,0.217391304347826,0.1739130434782608,0.0434782608695652,2.35,1.1304347826086956,-65.32856884701802,495.1376713487328,377.2397498507132,-3.971240251874451,21.46947826086956,13.73913043478261,0.6221739130434784,-0.3747165731298955,8.647391304347826,201.47580639488527,9.232332285385368,19.102188956959417,0.3478260869565217,755.4330434782609,24.95188502472711,0.9070867283373684,6.480211855431722,3.4739565217391304,127.63786407766987,-0.2703440854825231,0.4823300970873786,6.119417475728156,0.2579611650485437,0.3883495145631068,0.0776699029126213,0.2718446601941747,2.270582524271845,1.7184466019417477,-46.238702947989054,533.8305178340963,422.3210460186534,-3.07210386794351,17.064728155339804,12.324271844660192,0.5777669902912622,-0.1700211928516343,3.008038834951456,222.901061420554,9.515972272364786,21.33199877382092,0.3198058252427185,794.217708737864,27.561760294300235,0.9042440488226862,6.708975894077876,2.8590194174757286,5.064667224884033,3,0,0,0.311,0.505,0.184,0.495,0.252,0.252,0.282,0.379,0.34,0.068,0.825,0.107,0.369,0.214,0.107,0.417,0.33,0.184,0.252,0.408,0.34,0.314,0.108,0.186,0.255,0.245,0.157,0.186,0.167,0.304,0.108,0.01,0.206,0.147,0.049,0.069,0.255,0.137,0.137,0.225,0.186,0.245,7.0,-270.0
P49949_SF4,3,0,1,0,5,0,1,0,0,1,0,0,1,2,1,0,0,0,0,5,8,2,4,8,7,4,3,9,4,8,2,5,1,3,11,3,4,1,3,13,2582.9,-7.537315242126594,20.82,119.68,5.5,3,6,1,49.29,24,-3465.567048200899,10406.757303011176,7295.5295337660355,-117.61990003143264,477.548,253.7,12.990000000000002,-9.19702532424982,258.996,4003.64951116828,200.78731570000943,344.02197482875766,7.49,15311.354,505.561147841953,17.076546072898505,130.41278281881506,66.16499999999999,13146.7,-27.84544080469988,49.68,630.3000000000001,26.57,40,8,28,233.8700000000001,177,-4762.586403642873,54984.54333691192,43499.0677399213,-316.4266983981816,1757.667,1269.4,59.51000000000001,-17.51218286371834,309.828,22958.809326317056,980.145144053573,2197.1958737035548,32.940000000000005,81804.42399999998,2838.861310312924,93.13713702873667,691.0245170900213,294.47900000000004,129.145,-0.3768657621063297,1.041,5.984,0.275,0.15,0.3,0.05,2.4645,1.2,-173.27835241004496,520.3378651505589,364.7764766883018,-5.880995001571632,23.8774,12.685,0.6495000000000001,-0.459851266212491,12.9498,200.182475558414,10.039365785000474,17.20109874143788,0.3745,765.5677000000001,25.27805739209765,0.8538273036449253,6.520639140940753,3.30825,127.63786407766987,-0.2703440854825231,0.4823300970873786,6.119417475728156,0.2579611650485437,0.3883495145631068,0.0776699029126213,0.2718446601941747,2.270582524271845,1.7184466019417477,-46.238702947989054,533.8305178340963,422.3210460186534,-3.07210386794351,17.064728155339804,12.324271844660192,0.5777669902912622,-0.1700211928516343,3.008038834951456,222.901061420554,9.515972272364786,21.33199877382092,0.3198058252427185,794.217708737864,27.561760294300235,0.9042440488226862,6.708975894077876,2.8590194174757286,5.249513626098633,4,0,0,0.311,0.505,0.184,0.495,0.252,0.252,0.282,0.379,0.34,0.068,0.825,0.107,0.369,0.214,0.107,0.417,0.33,0.184,0.252,0.408,0.34,0.314,0.108,0.186,0.255,0.245,0.157,0.186,0.167,0.304,0.108,0.01,0.206,0.147,0.049,0.069,0.255,0.137,0.137,0.225,0.186,0.245,7.5,-540.0
P00193_SF4_proximal,4,0,0,0,5,0,0,2,0,3,0,1,0,0,2,1,0,0,1,2,7,0,3,5,8,2,2,4,0,6,0,1,0,0,5,5,0,0,2,4,2473.8,-3.335810378240775,18.15,133.44,5.26,2,5,1,45.36,24,31.58399645417296,11143.759569896336,7425.573420743342,-34.49142331760503,426.3949999999999,324.1,12.5,-10.078747548154244,237.634,4189.169543683779,198.6276579819965,440.6333434328132,7.239999999999998,15866.186999999998,630.306524665422,17.48682558683896,121.31434607777366,73.334,6315.3,-15.921438500693451,27.13,313.77,13.61,26,8,6,109.64999999999998,101,-1713.514738717559,27785.08075546458,21399.16305886601,-212.93632993448475,1137.0770000000002,842.5,30.53,-8.676394088346395,266.59000000000003,11319.49943147703,478.6187599954515,1105.0849506273155,16.919999999999998,36767.797,1476.1945219840072,49.65195718695804,332.47330856028907,194.121,117.8,-0.1588481132495607,0.8642857142857144,6.354285714285714,0.2504761904761904,0.0952380952380952,0.238095238095238,0.0476190476190476,2.16,1.1428571428571428,1.5039998311510934,530.6552176141113,353.5987343211115,-1.6424487294097634,20.304523809523808,15.433333333333332,0.5952380952380952,-0.4799403594359164,11.31590476190476,199.48426398494183,9.458459903904595,20.98254016346729,0.3447619047619047,755.5327142857142,30.014596412639143,0.8327059803256648,5.776873622751127,3.492095238095238,116.95,-0.2948414537165454,0.5024074074074074,5.810555555555555,0.252037037037037,0.4814814814814814,0.1481481481481481,0.1111111111111111,2.030555555555555,1.8703703703703705,-31.731754420695545,514.5385325086033,396.2807973864077,-3.943265369157125,21.05698148148149,15.601851851851851,0.5653703703703704,-0.1606739645990073,4.936851851851852,209.62035984216723,8.86331037028614,20.464536122728063,0.3133333333333333,680.8851296296297,27.33693559229643,0.9194806886473712,6.156913121486834,3.5948333333333333,5.382639408111572,4,0,0,0.389,0.556,0.056,0.537,0.241,0.222,0.222,0.37,0.407,0.019,0.852,0.13,0.37,0.222,0.019,0.481,0.315,0.056,0.241,0.426,0.333,0.377,0.038,0.075,0.226,0.321,0.132,0.189,0.208,0.34,0.038,0.0,0.208,0.17,0.019,0.019,0.302,0.057,0.038,0.189,0.17,0.358,7.0,-427.0
P00193_SF4_distal,3,0,1,2,5,0,1,1,0,3,0,0,0,0,2,2,0,0,1,2,7,0,3,5,8,2,2,4,0,6,0,1,0,0,5,5,0,0,2,4,2720.2,-8.603648391133646,16.01,132.48,5.72,10,5,1,49.86,41,-1415.0299366179377,12150.281639493403,8621.786043869008,-128.31285634497266,538.315,356.8,13.419999999999998,-6.557757224320199,186.436,4716.68210370511,220.3571222677108,430.8092515826344,7.700000000000001,15610.098,628.3526098302569,19.77771794729653,144.12899881633945,82.218,6315.3,-15.921438500693451,27.13,313.77,13.61,26,8,6,109.64999999999998,101,-1713.514738717559,27785.08075546458,21399.16305886601,-212.93632993448475,1137.0770000000002,842.5,30.53,-8.676394088346395,266.59000000000003,11319.49943147703,478.6187599954515,1105.0849506273155,16.919999999999998,36767.797,1476.1945219840072,49.65195718695804,332.47330856028907,194.121,118.2695652173913,-0.3740716691797237,0.6960869565217392,5.76,0.248695652173913,0.4347826086956521,0.217391304347826,0.0434782608695652,2.167826086956522,1.7826086956521738,-61.52304072251903,528.2731147605829,374.8602627769134,-5.578819841085768,23.405,15.51304347826087,0.5834782608695651,-0.2851198793182695,8.10591304347826,205.07313494370047,9.580744446422209,18.730837025331933,0.3347826086956522,678.6999130434782,27.31967868827204,0.8599007803172405,6.266478209406063,3.5746956521739133,116.95,-0.2948414537165454,0.5024074074074074,5.810555555555555,0.252037037037037,0.4814814814814814,0.1481481481481481,0.1111111111111111,2.030555555555555,1.8703703703703705,-31.731754420695545,514.5385325086033,396.2807973864077,-3.943265369157125,21.05698148148149,15.601851851851851,0.5653703703703704,-0.1606739645990073,4.936851851851852,209.62035984216723,8.86331037028614,20.464536122728063,0.3133333333333333,680.8851296296297,27.33693559229643,0.9194806886473712,6.156913121486834,3.5948333333333333,5.407101631164551,4,0,0,0.389,0.556,0.056,0.537,0.241,0.222,0.222,0.37,0.407,0.019,0.852,0.13,0.37,0.222,0.019,0.481,0.315,0.056,0.241,0.426,0.333,0.377,0.038,0.075,0.226,0.321,0.132,0.189,0.208,0.34,0.038,0.0,0.208,0.17,0.019,0.019,0.302,0.057,0.038,0.189,0.17,0.358,7.0,-427.0
Q8IED5_FES,1,1,0,0,4,1,0,2,0,0,2,0,0,0,1,3,2,0,2,0,4,6,23,12,8,6,13,4,4,18,19,20,3,6,3,17,10,0,13,5,2292.5,-5.954262158629545,11.68,118.54000000000002,4.510000000000001,8,4,4,35.98,45,323.8998942840807,10280.929210658622,7463.8034416804385,-40.20319742162141,483.701,340.1,10.52,-10.849872064551745,204.734,4100.227304709935,161.37566688213758,413.7698079524175,6.01,14495.514,570.2671615312793,15.525474853301215,108.2066397037384,70.181,27132.4,-106.83712940074037,57.330000000000005,1205.56,54.89,119,11,75,435.19000000000005,503,1468.1211472360774,99567.46306754822,93168.01690346649,-1110.3018388573112,4183.035,2359.4,113.86999999999998,-65.67179781813469,355.692,46274.17730066784,1616.2558802801382,4235.215470877957,58.98,172575.60299999997,4635.615506898215,195.63408534227824,1402.8322118260949,590.827,120.65789473684212,-0.3133822188752392,0.6147368421052632,6.238947368421054,0.2373684210526316,0.4210526315789473,0.2105263157894736,0.2105263157894736,1.893684210526316,2.3684210526315788,17.04736285705688,541.1015374030853,392.8317600884441,-2.115957759032705,25.457947368421053,17.9,0.5536842105263159,-0.5710458981343023,10.775473684210526,215.8014370899966,8.493456151691452,21.77735831328513,0.3163157894736842,762.9217894736843,30.014061133225223,0.8171302554369062,5.695086300196757,3.693736842105263,139.85773195876288,-0.5507068525811359,0.2955154639175258,6.214226804123711,0.2829381443298969,0.6134020618556701,0.056701030927835,0.3865979381443299,2.2432474226804127,2.59278350515464,7.567634779567409,513.2343457090114,480.2475098116829,-5.723205354934594,21.562036082474226,12.161855670103094,0.5869587628865978,-0.3385144217429623,1.8334639175257728,238.52668711684456,8.33121587773267,21.83100758184514,0.304020618556701,889.5649639175257,23.89492529328977,1.008423120321022,7.231093875392242,3.0455,4.482292652130127,2,0,0,0.242,0.49,0.268,0.33,0.412,0.258,0.387,0.309,0.304,0.134,0.737,0.129,0.371,0.232,0.155,0.258,0.433,0.268,0.412,0.284,0.304,0.264,0.109,0.254,0.249,0.155,0.207,0.212,0.223,0.192,0.202,0.016,0.171,0.161,0.098,0.078,0.233,0.124,0.223,0.238,0.218,0.166,7.5,-266.0
Q9X0Q7_SF4_proximal,2,0,0,1,5,1,0,2,0,3,1,2,0,0,2,0,2,0,1,1,7,0,5,3,8,1,3,7,1,3,1,6,1,2,5,3,3,1,4,6,2889.9999999999995,-6.796264209533232,16.589999999999996,145.33,5.69,6,5,3,51.52,39,-2866.0811584132825,12662.205917067682,8989.45358949153,-98.02937560884337,478.773,322.7,13.45,-10.23797829374621,226.184,4960.827549952757,224.5275791256676,479.8050335862004,7.759999999999999,18565.112,677.9486975388447,18.86926191932739,144.44371599123693,69.60400000000001,8767.0,-22.107581028924745,30.81,433.87,17.910000000000004,28,9,15,143.24,130,-3920.0601927652233,37023.13584511178,29569.102562434,-223.7968410091024,1372.936,1022.5,39.71,-20.07314095827995,343.634,15547.609633461074,602.4905173268141,1558.1847792761223,21.800000000000008,55145.509000000005,1970.3532009195944,64.4763722513068,433.26971032493526,230.553,125.65217391304346,-0.2954897482405753,0.7213043478260868,6.318695652173914,0.247391304347826,0.2608695652173913,0.217391304347826,0.1304347826086956,2.24,1.6956521739130437,-124.61222427883835,550.530692046421,390.8458082387622,-4.262146765601885,20.816217391304345,14.030434782608696,0.5847826086956521,-0.4451294910324438,9.834086956521736,215.6881543457721,9.76206865763772,20.86108841679132,0.337391304347826,807.1787826086957,29.476030327775856,0.8204026921446691,6.280161564836388,3.026260869565218,125.24285714285716,-0.3158225861274963,0.4401428571428571,6.198142857142857,0.2558571428571429,0.4,0.1285714285714285,0.2142857142857142,2.0462857142857143,1.8571428571428568,-56.00085989664605,528.9019406444539,422.4157508919142,-3.197097728701462,19.613371428571423,14.607142857142856,0.5672857142857143,-0.2867591565468564,4.909057142857143,222.10870904944392,8.607007390383059,22.259782561087462,0.3114285714285715,787.7929857142858,28.14790287027992,0.9210910321615255,6.189567290356218,3.293614285714286,5.368912696838379,4,0,0,0.329,0.457,0.214,0.5,0.257,0.243,0.286,0.386,0.329,0.086,0.829,0.086,0.371,0.2,0.1,0.4,0.271,0.214,0.257,0.429,0.314,0.246,0.145,0.246,0.333,0.261,0.101,0.188,0.232,0.275,0.174,0.0,0.174,0.188,0.058,0.072,0.174,0.203,0.13,0.246,0.188,0.232,8.0,-490.0
Q9X0Q7_SF4_distal,1,0,0,0,5,1,1,2,1,0,0,1,0,2,3,0,0,0,2,3,7,0,5,3,8,1,3,7,1,3,1,6,1,2,5,3,3,1,4,6,2880.4,-8.46065972095749,17.61,137.54,5.199999999999999,5,5,4,48.91,36,-1890.484639645662,13121.119683856448,8674.498736465433,-106.49042015097338,412.1429999999999,284.2,12.88,-10.938586307306776,241.566,4928.08247997555,225.6475480918865,439.1941983803624,7.679999999999999,17990.881,684.3407249096222,16.756355818309792,133.62918024987528,58.157,8767.0,-22.107581028924745,30.81,433.87,17.910000000000004,28,9,15,143.24,130,-3920.0601927652233,37023.13584511178,29569.102562434,-223.7968410091024,1372.936,1022.5,39.71,-20.07314095827995,343.634,15547.609633461074,602.4905173268141,1558.1847792761223,21.800000000000008,55145.509000000005,1970.3532009195944,64.4763722513068,433.26971032493526,230.553,130.9272727272727,-0.3845754418617041,0.8004545454545454,6.251818181818181,0.2363636363636363,0.2272727272727272,0.2272727272727272,0.1818181818181818,2.223181818181818,1.6363636363636365,-85.93111998389372,596.4145310843841,394.29539711206513,-4.840473643226063,18.73377272727272,12.918181818181818,0.5854545454545454,-0.4972084685139443,10.980272727272729,224.0037490897977,10.256706731449386,19.96337265365284,0.349090909090909,817.7673181818183,31.106396586801008,0.7616525371958996,6.074053647721604,2.6435,125.24285714285716,-0.3158225861274963,0.4401428571428571,6.198142857142857,0.2558571428571429,0.4,0.1285714285714285,0.2142857142857142,2.0462857142857143,1.8571428571428568,-56.00085989664605,528.9019406444539,422.4157508919142,-3.197097728701462,19.613371428571423,14.607142857142856,0.5672857142857143,-0.2867591565468564,4.909057142857143,222.10870904944392,8.607007390383059,22.259782561087462,0.3114285714285715,787.7929857142858,28.14790287027992,0.9210910321615255,6.189567290356218,3.293614285714286,5.774193286895752,4,0,0,0.329,0.457,0.214,0.5,0.257,0.243,0.286,0.386,0.329,0.086,0.829,0.086,0.371,0.2,0.1,0.4,0.271,0.214,0.257,0.429,0.314,0.246,0.145,0.246,0.333,0.261,0.101,0.188,0.232,0.275,0.174,0.0,0.174,0.188,0.058,0.072,0.174,0.203,0.13,0.246,0.188,0.232,8.0,-395.0
D3FQ82_FES,1,1,0,1,4,0,1,3,2,0,0,0,1,1,2,1,2,0,0,2,36,22,15,38,10,13,36,39,19,31,34,40,14,20,22,25,33,6,23,35,2611.6,-3.8608544883203546,11.69,135.79999999999998,5.16,7,5,7,45.18000000000001,42,-1242.5008942812012,11924.50361247513,8781.26116191272,-46.05274170591829,461.352,352.1,12.1,-3.581257394511301,178.60599999999997,4769.649309140367,203.1105733791493,482.4118744557135,6.94,16398.431999999997,674.9573723146481,18.299296305729968,134.83338589297978,71.28600000000002,69042.6,-201.06797286469043,171.36999999999998,3136.13,145.97999999999996,257,24,178,1125.37,1046,16929.124202705592,255644.1386651017,239056.3421931788,-1605.4773018747946,9319.179,6244.7,299.95000000000005,-124.47612690341032,1026.1399999999996,117778.75037317858,4190.510411073562,11351.544245625211,153.97,434724.905,12442.27484339935,531.6668356871214,3551.1088285240926,1581.066,118.7090909090909,-0.1754933858327434,0.5313636363636364,6.172727272727272,0.2345454545454545,0.3181818181818182,0.2272727272727272,0.3181818181818182,2.053636363636364,1.9090909090909087,-56.47731337641824,542.0228914761423,399.1482346323964,-2.093306441178104,20.97054545454545,16.004545454545454,0.5499999999999999,-0.1627844270232409,8.118454545454544,216.8022413245621,9.232298789961334,21.927812475259703,0.3154545454545454,745.3832727272726,30.67988055975673,0.8317861957149986,6.128790267862717,3.240272727272728,135.11272015655578,-0.3934793989524274,0.3353620352250488,6.137240704500978,0.2856751467710371,0.50293542074364,0.0469667318982387,0.3483365949119373,2.202289628180039,2.0469667318982387,33.12940157085243,500.2820717516667,467.820630515027,-3.1418342502442167,18.23714090019569,12.22054794520548,0.5869863013698631,-0.243593203333484,2.008101761252445,230.4867913369444,8.200607458069593,22.21437230063642,0.3013111545988258,850.7336692759296,24.348874448922405,1.0404439054542494,6.9493323454483225,3.0940626223091976,12.914573669433594,2,1,0,0.335,0.384,0.282,0.413,0.321,0.266,0.419,0.309,0.272,0.121,0.734,0.145,0.339,0.168,0.159,0.378,0.321,0.282,0.321,0.386,0.294,0.257,0.182,0.198,0.29,0.22,0.151,0.241,0.245,0.175,0.184,0.033,0.202,0.11,0.125,0.047,0.245,0.212,0.167,0.233,0.208,0.241,7.0,105.0
T2G899_SF4_proximal,2,0,2,1,5,0,1,0,0,2,1,0,1,0,3,1,1,1,1,0,13,6,5,9,11,6,15,14,0,11,9,11,6,9,15,6,11,3,3,4,2825.0000000000005,-9.450988183821028,17.830000000000002,130.18,5.5200000000000005,9,6,3,49.59,43,-2942.2232578204266,12526.026523605397,8782.464166904314,-169.19133954605346,555.463,305.40000000000003,12.9,-9.219679978233115,219.498,4830.253541873913,228.6502181216618,407.3389711763879,7.380000000000001,16627.042999999998,621.1847304630354,18.479672133918267,148.47828801701692,74.23700000000001,21937.2,-49.12638122397348,69.68999999999998,1010.76,46.63000000000002,79,17,43,350.43,322,3274.1735669417035,85493.22782893635,76568.07995654795,-499.8649009491391,3078.876,2151.100000000001,96.52,-34.07252007059636,658.2880000000001,37930.20829253311,1400.069889615315,3674.8444047850007,49.88999999999999,135201.691,4324.912442936465,172.41612010510406,1114.3865180897133,533.8190000000001,128.4090909090909,-0.4295903719918648,0.8104545454545455,5.917272727272728,0.2509090909090909,0.4090909090909091,0.2727272727272727,0.1363636363636363,2.2540909090909094,1.9545454545454544,-133.7374208100194,569.3648419820634,399.2029166774688,-7.69051543391152,25.24831818181818,13.881818181818184,0.5863636363636364,-0.4190763626469598,9.97718181818182,219.5569791760869,10.393191732802809,18.515407780744905,0.3354545454545455,755.7746818181818,28.23566956650161,0.8399850969962849,6.749013091682588,3.374409090909092,131.36047904191614,-0.294169947448943,0.4173053892215568,6.05245508982036,0.2792215568862276,0.4730538922155688,0.1017964071856287,0.2574850299401197,2.098383233532934,1.9281437125748504,19.605829742165888,511.9354959816548,458.49149674579616,-2.993202999695444,18.436383233532936,12.8808383233533,0.5779640718562874,-0.2040270662909961,3.9418443113772463,227.1269957636713,8.383652033624642,22.005056316077848,0.2987425149700598,809.5909640718562,25.897679299020748,1.0324318569167907,6.672973162213852,3.1965209580838327,17.655841827392578,4,0,0,0.317,0.455,0.228,0.443,0.311,0.246,0.395,0.311,0.293,0.102,0.754,0.144,0.335,0.246,0.102,0.407,0.299,0.228,0.311,0.371,0.317,0.295,0.114,0.211,0.337,0.229,0.139,0.265,0.265,0.145,0.181,0.006,0.259,0.145,0.09,0.042,0.301,0.163,0.127,0.265,0.211,0.229,9.0,-400.0
T2G899_SF4_distal,3,0,0,1,5,1,0,2,0,3,1,3,1,1,1,0,1,0,0,1,13,6,5,9,11,6,15,14,0,11,9,11,6,9,15,6,11,3,3,4,3077.6,-5.938519262549055,16.99,154.75,6.52,4,6,4,51.34,36,-1092.6166411061242,12267.53728876616,9881.749057159072,-84.183748740144,507.5419999999999,347.0,14.37,-10.594269666152542,248.994,5158.072167819293,202.7386257325695,526.7746200047476,7.85,20285.368,656.0270234015786,22.282065373174063,148.64918593735013,81.62900000000002,21937.2,-49.12638122397348,69.68999999999998,1010.76,46.63000000000002,79,17,43,350.43,322,3274.1735669417035,85493.22782893635,76568.07995654795,-499.8649009491391,3078.876,2151.100000000001,96.52,-34.07252007059636,658.2880000000001,37930.20829253311,1400.069889615315,3674.8444047850007,49.88999999999999,135201.691,4324.912442936465,172.41612010510406,1114.3865180897133,533.8190000000001,128.23333333333332,-0.2474383026062106,0.7079166666666666,6.447916666666667,0.2716666666666666,0.1666666666666666,0.25,0.1666666666666666,2.1391666666666667,1.5,-45.525693379421845,511.1473870319233,411.73954404829465,-3.507656197506,21.14758333333333,14.458333333333334,0.59875,-0.4414279027563559,10.37475,214.9196736591372,8.447442738857061,21.948942500197816,0.3270833333333333,845.2236666666668,27.334459308399108,0.9284193905489192,6.193716080722922,3.4012083333333343,131.36047904191614,-0.294169947448943,0.4173053892215568,6.05245508982036,0.2792215568862276,0.4730538922155688,0.1017964071856287,0.2574850299401197,2.098383233532934,1.9281437125748504,19.605829742165888,511.9354959816548,458.49149674579616,-2.993202999695444,18.436383233532936,12.8808383233533,0.5779640718562874,-0.2040270662909961,3.9418443113772463,227.1269957636713,8.383652033624642,22.005056316077848,0.2987425149700598,809.5909640718562,25.897679299020748,1.0324318569167907,6.672973162213852,3.1965209580838327,8.893115043640137,4,0,0,0.317,0.455,0.228,0.443,0.311,0.246,0.395,0.311,0.293,0.102,0.754,0.144,0.335,0.246,0.102,0.407,0.299,0.228,0.311,0.371,0.317,0.295,0.114,0.211,0.337,0.229,0.139,0.265,0.265,0.145,0.181,0.006,0.259,0.145,0.09,0.042,0.301,0.163,0.127,0.265,0.211,0.229,9.0,0.0
P0AE56_FES,1,1,2,0,4,1,0,2,0,1,1,1,0,0,0,0,0,0,0,3,4,4,2,2,4,6,5,3,1,3,4,6,3,4,3,4,0,0,1,5,2110.2,-5.370753248459649,10.21,113.21,4.32,3,4,7,35.14,37,1575.6407944113707,8721.819839474252,6940.933718791879,-65.12987845027425,361.0289999999999,272.5,9.93,-6.900542358567578,158.10399999999996,3663.370757702272,138.05782652804737,401.0457335566671,5.609999999999999,14415.96,498.6951667205344,14.770025376782517,100.11430219557631,55.456,8835.2,-20.640374675925603,22.4,407.9800000000001,19.15000000000001,27,7,28,135.73000000000002,144,10859.395442469668,31401.30827691401,30682.89313677437,-187.5222724597537,1153.4779999999998,738.4999999999999,38.53999999999999,-15.543241006974926,256.248,14705.134407134758,492.7137146190012,1455.1092102247749,19.39,57688.956,1547.5263215574128,69.50479905206265,435.2882677390696,196.599,124.12941176470588,-0.315926661674097,0.6005882352941176,6.659411764705883,0.2541176470588235,0.1764705882352941,0.2352941176470588,0.4117647058823529,2.067058823529412,2.176470588235294,92.68475261243356,513.0482258514267,408.2902187524635,-3.831169320604368,21.236999999999995,16.029411764705884,0.5841176470588235,-0.4059142563863281,9.300235294117645,215.4923975118984,8.121048619296904,23.59092550333336,0.3299999999999999,847.9976470588235,29.33500980709025,0.8688250221636774,5.889076599739783,3.262117647058824,138.05,-0.3225058543113375,0.35,6.374687500000001,0.2992187500000001,0.421875,0.109375,0.4375,2.1207812500000003,2.25,169.67805378858856,490.6454418267814,479.4202052620996,-2.930035507183652,18.02309375,11.539062499999998,0.6021874999999999,-0.2428631407339832,4.003875,229.7677251114806,7.698651790921893,22.736081409762107,0.30296875,901.3899375,24.18009877433457,1.086012485188479,6.801379183422962,3.0718593750000003,4.010603904724121,2,0,0,0.203,0.5,0.297,0.422,0.391,0.188,0.516,0.266,0.219,0.156,0.734,0.109,0.375,0.25,0.172,0.25,0.391,0.297,0.391,0.25,0.359,0.19,0.111,0.317,0.365,0.159,0.079,0.27,0.175,0.143,0.206,0.048,0.111,0.222,0.127,0.079,0.222,0.127,0.286,0.143,0.302,0.19,7.0,255.0
O04090_FES,2,1,0,0,4,1,0,1,0,0,1,0,0,1,1,4,1,0,1,1,14,6,1,8,5,7,13,9,1,6,11,5,4,5,5,20,11,0,5,12,2263.5,-3.353591393766997,12.04,118.67,4.719999999999999,7,4,4,36.620000000000005,42,1642.9383983543053,9871.399377528787,7219.225379559722,-21.226635994064857,491.271,326.1,10.88,-8.765695978962423,199.422,3935.6236377370738,161.53628145275218,398.5879638794133,6.16,14346.082,543.0249230290408,16.088521002792454,109.73482946358352,72.65100000000001,18872.7,-44.5174769808842,53.01,867.85,42.68,86,9,33,308.2,307,529.1136265016057,69901.31330251851,65697.66351427491,-218.41304023834545,3038.615,2026.4,87.22999999999999,-28.92282596712616,453.818,32030.43529506972,1156.6747381824975,3114.610586186748,44.55,112636.36299999998,3456.5805485070778,156.7501086459824,979.1290121862844,520.377,119.13157894736842,-0.176504810198263,0.6336842105263158,6.2457894736842094,0.2484210526315788,0.3684210526315789,0.2105263157894736,0.2105263157894736,1.927368421052632,2.210526315789474,86.47044201864765,519.5473356594099,379.95923050314326,-1.1171913681086767,25.85636842105263,17.163157894736845,0.5726315789473685,-0.4613524199453906,10.495894736842104,207.13808619668808,8.501909550144852,20.97831388839017,0.3242105263157895,755.0569473684211,28.58025910679162,0.846764263304866,5.775517340188607,3.823736842105264,127.51824324324323,-0.3007937633843527,0.3581756756756756,5.863851351351352,0.2883783783783784,0.581081081081081,0.0608108108108108,0.2229729729729729,2.0824324324324324,2.074324324324324,3.575092070956796,472.3061709629629,443.9031318532089,-1.4757637853942258,20.53118243243244,13.69189189189189,0.5893918918918918,-0.1954244997778794,3.0663378378378376,216.42186010182243,7.815369852584443,21.04466612288343,0.3010135135135135,761.0565067567567,23.35527397639917,1.0591223557160974,6.615736568826247,3.5160608108108105,4.562589168548584,2,0,0,0.419,0.405,0.176,0.419,0.27,0.311,0.412,0.297,0.291,0.074,0.784,0.142,0.324,0.176,0.081,0.453,0.338,0.176,0.27,0.439,0.291,0.354,0.136,0.15,0.231,0.272,0.109,0.224,0.252,0.197,0.129,0.007,0.197,0.082,0.068,0.014,0.32,0.156,0.122,0.19,0.15,0.259,7.5,-425.0
O52681_L120P_FES,4,0,0,1,4,0,0,3,0,0,1,0,0,0,2,0,1,0,0,1,12,5,6,5,4,3,18,12,0,13,13,15,6,4,8,5,8,0,9,13,1728.0,-0.5121904524265903,11.25,102.26,4.130000000000001,3,4,0,28.43,19,-902.3880319599624,8460.7314898609,6165.803548251991,-24.1201250475162,371.9339999999999,333.2,9.18,-2.9260255300584963,184.584,3289.93615368726,135.97664775311844,391.6872298864243,5.050000000000001,10375.998,528.544691038809,15.970008551431384,87.49634589579686,74.496,21686.1,-64.39148741267566,62.53,972.4299999999998,46.96,77,10,39,353.17,295,2973.1315261223835,78733.30338916044,74446.42481186394,-469.480292097214,2742.343,1840.9000000000003,95.69,-45.319554855523656,464.432,36163.73098492005,1296.118896564249,3485.07342176249,48.73,135197.059,3823.2677063495216,170.49901963354174,1092.0424190131164,484.2960000000001,101.6470588235294,-0.0301288501427406,0.6617647058823529,6.015294117647058,0.2429411764705882,0.1764705882352941,0.2352941176470588,0.0,1.6723529411764706,1.1176470588235294,-53.08164893882132,497.6900876388765,362.6943263677642,-1.4188308851480114,21.878470588235288,19.6,0.54,-0.1721191488269703,10.857882352941177,193.5256560992506,7.998626338418732,23.04042528743672,0.2970588235294118,610.3528235294117,31.09086417875347,0.939412267731258,5.146843876223345,4.382117647058824,136.39056603773585,-0.4049779082558217,0.3932704402515723,6.115911949685533,0.2953459119496855,0.4842767295597484,0.0628930817610062,0.2452830188679245,2.221194968553459,1.8553459119496856,18.698940415864048,495.17800873685815,468.2165082507166,-2.95270623960512,17.247440251572325,11.57798742138365,0.6018238993710693,-0.2850286468900859,2.920955974842767,227.44484896176127,8.151691173360057,21.918700765801823,0.3064779874213836,850.2959685534591,24.045708844965542,1.0723208781983755,6.868191314547902,3.0458867924528303,5.269145488739014,2,0,0,0.264,0.491,0.245,0.447,0.327,0.226,0.453,0.321,0.226,0.126,0.73,0.145,0.39,0.22,0.126,0.314,0.415,0.245,0.327,0.34,0.333,0.259,0.108,0.241,0.304,0.297,0.089,0.329,0.184,0.158,0.152,0.063,0.165,0.158,0.114,0.07,0.222,0.12,0.222,0.158,0.234,0.222,7.0,-427.0
P00208_D13G_V14G_C58A_SF4_proximal,1,0,1,1,5,0,2,2,0,3,0,0,0,0,1,0,1,0,1,3,4,2,2,5,8,2,14,7,0,7,3,2,2,0,5,4,6,0,3,5,2595.8,-10.941389987279807,16.360000000000003,119.89,5.130000000000001,9,5,1,48.67,38,-4255.630160938734,11390.26096387273,7996.5949587393025,-128.0102916452127,451.444,311.8,12.48,-8.140616225353261,193.94,4408.777396492452,205.9588723694609,385.2367533079623,7.35,14704.124,581.1620929397401,17.06564007266842,131.12351401372277,63.677,10225.7,-36.438862264032686,29.25,450.84000000000015,22.420000000000005,55,10,12,169.63999999999996,179,-6600.277363011282,40300.7115595046,36223.9379100369,-344.8365621512273,1569.264,1107.2,46.97,-9.32613955808377,305.68,17695.990132656203,676.9667196113716,1623.272481324601,24.55,57255.092,1993.8358994929508,84.64668705452486,532.9128696937622,262.27500000000003,123.6095238095238,-0.5210185708228481,0.7790476190476192,5.709047619047619,0.2442857142857143,0.4285714285714285,0.238095238095238,0.0476190476190476,2.3176190476190475,1.809523809523809,-202.64905528279684,542.3933792320347,380.79023613044296,-6.095728173581557,21.49733333333333,14.847619047619048,0.5942857142857143,-0.3876483916834886,9.235238095238095,209.94178078535484,9.807565350926708,18.34460730037916,0.35,700.196380952381,27.67438537808286,0.8126495272699247,6.243976857796322,3.032238095238095,126.2432098765432,-0.4498624970868233,0.361111111111111,5.565925925925928,0.2767901234567902,0.6790123456790124,0.1234567901234567,0.1481481481481481,2.0943209876543203,2.2098765432098766,-81.48490571618868,497.5396488827728,447.2091100004555,-4.257241508039844,19.37362962962963,13.669135802469135,0.5798765432098766,-0.1151375254084416,3.7738271604938274,218.46901398340992,8.357613822362612,20.040401004007418,0.3030864197530864,706.8529876543209,24.61525801843149,1.0450208278336404,6.579171230787188,3.237962962962964,5.57192850112915,4,0,0,0.321,0.568,0.111,0.42,0.333,0.247,0.358,0.358,0.284,0.049,0.716,0.235,0.346,0.284,0.049,0.383,0.407,0.111,0.333,0.358,0.309,0.388,0.075,0.113,0.287,0.175,0.212,0.275,0.212,0.175,0.075,0.025,0.325,0.2,0.05,0.013,0.375,0.075,0.113,0.312,0.188,0.2,7.0,-477.0
P00208_D13G_V14G_C58A_SF4_distal,2,0,1,0,5,1,3,1,0,2,2,0,0,0,1,1,1,0,0,2,4,2,2,5,8,2,14,7,0,7,3,2,2,0,5,4,6,0,3,5,2717.4999999999995,-9.109377087774924,15.960000000000004,125.77999999999996,6.11,10,5,2,47.16000000000001,43,-3796.953585980789,10874.760516172284,8924.880464139538,-109.57447687325164,507.911,318.20000000000005,13.35,-7.017334631926324,226.056,4500.865442005563,191.1669024874909,413.71165998279525,7.24,15368.636,554.6737209413681,21.61803193667636,139.7739129447293,76.561,10225.7,-36.438862264032686,29.25,450.84000000000015,22.420000000000005,55,10,12,169.63999999999996,179,-6600.277363011282,40300.7115595046,36223.9379100369,-344.8365621512273,1569.264,1107.2,46.97,-9.32613955808377,305.68,17695.990132656203,676.9667196113716,1623.272481324601,24.55,57255.092,1993.8358994929508,84.64668705452486,532.9128696937622,262.27500000000003,123.52272727272724,-0.4140625948988601,0.7254545454545456,5.717272727272726,0.2777272727272727,0.4545454545454545,0.2272727272727272,0.0909090909090909,2.143636363636364,1.9545454545454544,-172.5887993627631,494.30729618964926,405.67638473361535,-4.980658039693257,23.086863636363635,14.463636363636368,0.6068181818181819,-0.318969755996651,10.275272727272728,204.58479281843464,8.689404658522315,18.805075453763425,0.3290909090909091,698.5743636363636,25.212441860971275,0.9826378153034708,6.353359679305877,3.4800454545454547,126.2432098765432,-0.4498624970868233,0.361111111111111,5.565925925925928,0.2767901234567902,0.6790123456790124,0.1234567901234567,0.1481481481481481,2.0943209876543203,2.2098765432098766,-81.48490571618868,497.5396488827728,447.2091100004555,-4.257241508039844,19.37362962962963,13.669135802469135,0.5798765432098766,-0.1151375254084416,3.7738271604938274,218.46901398340992,8.357613822362612,20.040401004007418,0.3030864197530864,706.8529876543209,24.61525801843149,1.0450208278336404,6.579171230787188,3.237962962962964,9.725349426269531,4,0,0,0.321,0.568,0.111,0.42,0.333,0.247,0.358,0.358,0.284,0.049,0.716,0.235,0.346,0.284,0.049,0.383,0.407,0.111,0.333,0.358,0.309,0.388,0.075,0.113,0.287,0.175,0.212,0.275,0.212,0.175,0.075,0.025,0.325,0.2,0.05,0.013,0.375,0.075,0.113,0.312,0.188,0.2,7.0,-445.0
P00209_SF4_SF4,6,0,0,1,4,0,2,0,0,2,0,1,1,0,1,1,0,0,0,2,6,1,3,8,6,0,9,1,0,5,1,1,2,1,4,3,0,0,0,7,2500.0999999999995,-5.37688482537158,12.93,123.51,6.46,7,5,1,43.42,30,170.9236064173349,9337.95573905226,8338.58830714152,-82.66845861977005,486.149,297.3,13.19,-3.963506756749061,190.238,4009.01126842191,168.0587851211112,412.1378611616082,6.73,14774.502,475.123782062308,23.76975631480353,133.99381655189475,88.58500000000001,7275.099999999999,-27.887738172970646,21.629999999999995,312.29999999999995,16.72,40,8,7,125.65,120,-1799.1164980162823,27845.349284252625,25736.437780647604,-407.969603793508,1225.271,751.4,34.59,2.180661674854164,159.264,12372.270379088564,496.2430411357079,1076.357425902308,17.87,39461.222,1288.8162162649587,63.08509813104621,403.5398548382053,202.884,119.05238095238091,-0.2560421345415038,0.6157142857142858,5.881428571428571,0.3076190476190476,0.3333333333333333,0.238095238095238,0.0476190476190476,2.067619047619048,1.4285714285714286,8.139219353206423,444.6645590024885,397.07563367340566,-3.9365932676080977,23.14995238095237,14.157142857142858,0.628095238095238,-0.1887384169880505,9.05895238095238,190.90529849628143,8.002799291481486,19.625612436267065,0.3204761904761904,703.5477142857143,22.62494200296705,1.131893157847787,6.380657931042608,4.218333333333334,125.43275862068964,-0.4808230719477697,0.3729310344827585,5.384482758620689,0.2882758620689655,0.6896551724137931,0.1379310344827586,0.1206896551724138,2.166379310344828,2.0689655172413794,-31.01924996579797,480.0922290388384,443.73168587323454,-7.033958686094966,21.125362068965515,12.955172413793104,0.5963793103448275,0.0375976150836924,2.745931034482759,213.3150065360097,8.55591450233979,18.55788665348807,0.3081034482758621,680.3658965517241,22.220969245947565,1.0876741057076933,6.957583704106988,3.498,5.268702030181885,4,0,0,0.31,0.603,0.086,0.466,0.379,0.155,0.345,0.328,0.328,0.034,0.672,0.293,0.379,0.276,0.034,0.379,0.431,0.086,0.379,0.241,0.379,0.368,0.07,0.105,0.404,0.123,0.158,0.246,0.14,0.175,0.053,0.018,0.474,0.246,0.018,0.0,0.263,0.07,0.088,0.246,0.316,0.175,7.6,-450.0
P00214_C21A_SF4,3,0,0,2,5,0,2,0,0,2,1,0,0,2,1,0,0,0,0,3,8,1,4,11,8,4,14,3,0,6,7,6,2,5,9,1,3,2,2,9,2719.9,-11.24552528179636,19.07,116.48000000000002,5.979999999999999,8,5,0,49.54,31,-2746.844152745666,10599.129095740862,8374.636097677034,-171.32612710787,502.80099999999993,274.1,13.32,-7.834833553419039,231.612,4311.035176882956,196.92085039143888,349.0908115252153,7.339999999999999,15048.545000000002,481.47227608992335,20.257190984822216,141.91123495871307,73.01700000000002,14130.2,-52.193497443556616,45.870000000000005,592.3299999999999,30.66,64,10,19,232.58999999999995,209,-7458.803585099093,52989.70107924413,48926.43367169305,-701.52173504645,2009.4310000000005,1186.7,63.01999999999998,-14.459411727561122,350.646,23702.60348679249,912.0753958425476,2040.6835344442136,32.36,80894.47899999999,2408.299277596329,113.1418493634292,741.8318647303834,326.719,129.5190476190476,-0.5355012038950647,0.908095238095238,5.546666666666668,0.2847619047619047,0.3809523809523809,0.238095238095238,0.0,2.359047619047619,1.4761904761904765,-130.8021025116984,504.7204331305172,398.7921951274778,-8.158387005136667,23.94290476190476,13.052380952380954,0.6342857142857143,-0.3730873120675733,11.029142857142856,205.2873893753789,9.37718335197328,16.623371977391205,0.3495238095238094,716.5973809523811,22.927251242377302,0.9646281421343912,6.757677855176813,3.477000000000001,134.57333333333332,-0.4970809280338725,0.4368571428571429,5.641238095238094,0.292,0.6095238095238096,0.0952380952380952,0.1809523809523809,2.2151428571428564,1.9904761904761905,-71.03622461999136,504.663819802325,465.9660349685052,-6.681159381394762,19.137438095238096,11.301904761904762,0.600190476190476,-0.1377086831196297,3.3394857142857144,225.7390808265952,8.686432341357596,19.435081280421084,0.3081904761904762,770.4236095238094,22.936183596155512,1.0775414225088495,7.065065378384603,3.111609523809524,5.517872333526611,4,0,0,0.248,0.581,0.171,0.457,0.381,0.162,0.4,0.333,0.267,0.067,0.695,0.238,0.39,0.295,0.067,0.333,0.419,0.171,0.381,0.248,0.371,0.327,0.096,0.173,0.394,0.144,0.154,0.221,0.202,0.183,0.077,0.029,0.356,0.26,0.058,0.019,0.327,0.106,0.135,0.24,0.308,0.183,7.8,-746.0
P00214_C21A_F3S,2,0,1,1,5,1,2,0,0,2,1,1,0,1,1,0,2,0,1,3,8,1,4,11,8,4,14,3,0,6,7,6,2,5,9,1,3,2,2,9,3182.5999999999995,-13.0502755554129,17.41,140.76999999999998,6.57,11,5,3,57.77,49,-5237.075180607477,12660.543778280544,9769.657794299452,-180.51321422345583,564.079,288.7,14.97,-9.775341292115549,223.89399999999995,5136.124898181728,236.1490051533436,427.0068942985874,8.4,18739.533000000003,590.1588038677011,21.74778374804824,165.12596777552324,72.57700000000001,14130.2,-52.193497443556616,45.870000000000005,592.3299999999999,30.66,64,10,19,232.58999999999995,209,-7458.803585099093,52989.70107924413,48926.43367169305,-701.52173504645,2009.4310000000005,1186.7,63.01999999999998,-14.459411727561122,350.646,23702.60348679249,912.0753958425476,2040.6835344442136,32.36,80894.47899999999,2408.299277596329,113.1418493634292,741.8318647303834,326.719,132.60833333333332,-0.5437614814755375,0.7254166666666667,5.865416666666666,0.27375,0.4583333333333333,0.2083333333333333,0.125,2.407083333333333,2.0416666666666665,-218.21146585864489,527.522657428356,407.0690747624772,-7.521383925977328,23.503291666666662,12.029166666666669,0.6237499999999999,-0.4073058871714812,9.328916666666665,214.00520409090527,9.839541881389318,17.79195392910781,0.35,780.8138750000002,24.58995016115421,0.9061576561686768,6.8802486573134685,3.024041666666667,134.57333333333332,-0.4970809280338725,0.4368571428571429,5.641238095238094,0.292,0.6095238095238096,0.0952380952380952,0.1809523809523809,2.2151428571428564,1.9904761904761905,-71.03622461999136,504.663819802325,465.9660349685052,-6.681159381394762,19.137438095238096,11.301904761904762,0.600190476190476,-0.1377086831196297,3.3394857142857144,225.7390808265952,8.686432341357596,19.435081280421084,0.3081904761904762,770.4236095238094,22.936183596155512,1.0775414225088495,7.065065378384603,3.111609523809524,7.186720848083496,3,0,0,0.248,0.581,0.171,0.457,0.381,0.162,0.4,0.333,0.267,0.067,0.695,0.238,0.39,0.295,0.067,0.333,0.419,0.171,0.381,0.248,0.371,0.327,0.096,0.173,0.394,0.144,0.154,0.221,0.202,0.183,0.077,0.029,0.356,0.26,0.058,0.019,0.327,0.106,0.135,0.24,0.308,0.183,7.8,-429.0
O52681_V128C_FES,4,0,0,1,5,0,0,3,0,0,2,0,0,0,1,0,1,0,0,0,12,5,6,5,5,3,18,12,0,13,14,15,6,4,7,5,8,0,9,12,1750.4999999999998,-2.7180308222488696,12.55,101.82999999999998,4.29,3,5,0,26.450000000000003,22,-918.0359419789944,8140.961085972849,6350.994756127744,-47.99071228823983,430.807,365.1,9.23,-5.679975704195417,236.352,3291.150215989016,118.8983839689724,394.3731914465007,4.94,10462.681,506.7808230984705,16.70933386456214,84.82552068136806,81.823,21708.6,-66.59732778249794,63.83,972.0,47.12,77,11,39,351.19,298,2957.4836161033563,78413.5329852724,74631.6160197397,-493.3508793379378,2801.2159999999994,1872.8000000000004,95.74000000000002,-48.07350502966058,516.1999999999999,36164.9450472218,1279.040632780103,3487.7593833225665,48.620000000000005,135283.742,3801.503838409183,171.2383449466725,1089.3715937986874,491.62300000000016,102.9705882352941,-0.1598841660146394,0.7382352941176471,5.989999999999999,0.2523529411764706,0.1764705882352941,0.2941176470588235,0.0,1.5558823529411767,1.2941176470588236,-54.00211423405849,478.8800638807558,373.5879268310438,-2.822983075778813,25.341588235294115,21.47647058823529,0.5429411764705883,-0.3341162178938481,13.903058823529411,193.59707152876564,6.994022586410141,23.19842302626475,0.2905882352941176,615.4518235294117,29.81063665285121,0.982901992033067,4.98973651066871,4.813117647058824,136.5320754716981,-0.4188511181289179,0.4014465408805031,6.113207547169812,0.2963522012578616,0.4842767295597484,0.0691823899371069,0.2452830188679245,2.20874213836478,1.874213836477988,18.60052588744249,493.16687412121,469.3812328285516,-3.102835719106527,17.617710691823895,11.77861635220126,0.6021383647798744,-0.302349088236859,3.246540880503144,227.452484573722,8.044280709308824,21.935593605802303,0.3057861635220126,850.841144654088,23.9088291723848,1.0769707229350471,6.851393671689858,3.0919685534591204,5.151181697845459,2,0,0,0.264,0.491,0.245,0.453,0.327,0.22,0.459,0.321,0.22,0.126,0.73,0.145,0.396,0.214,0.126,0.308,0.415,0.245,0.327,0.333,0.34,0.259,0.108,0.241,0.304,0.285,0.089,0.335,0.19,0.152,0.152,0.063,0.165,0.152,0.114,0.07,0.222,0.12,0.215,0.158,0.234,0.222,7.0,-359.0
O52681_V128T_FES,4,0,0,1,4,0,0,3,0,0,2,0,0,0,1,0,2,0,0,0,12,5,6,5,4,3,18,12,0,13,14,15,6,4,7,5,9,0,9,12,1758.1,-2.127441460006513,11.27,101.08,4.33,4,4,0,27.71,22,-2121.2915562577155,8055.582934712345,6408.860609786281,-32.034183677741574,419.887,351.1,9.22,-4.661504012793454,200.712,3307.7654609980914,122.9151906916614,394.4409421240075,4.89,10423.866000000002,496.0945485886666,16.878033051554013,88.92511417730303,79.883,21716.2,-66.00673842025559,62.55,971.25,47.16,78,10,39,352.45,298,1754.228001824631,78328.15483401189,74689.48187339822,-477.3943507274394,2790.296,1858.8000000000004,95.73,-47.05503333825861,480.56,36181.56029223088,1283.057439502792,3487.8271340000733,48.57,135244.927,3790.817563899379,171.4070441336644,1093.4711872946225,489.68300000000016,103.41764705882352,-0.1251436152945007,0.6629411764705883,5.945882352941176,0.2547058823529411,0.2352941176470588,0.2352941176470588,0.0,1.63,1.2941176470588236,-124.78185625045386,473.8578196889615,376.9918005756636,-1.8843637457495044,24.69923529411764,20.65294117647059,0.5423529411764706,-0.2742061183996149,11.806588235294116,194.57443888224063,7.230305334803611,23.202408360235736,0.2876470588235293,613.1685882352942,29.182032269921564,0.9928254736208244,5.230889069253119,4.699,136.5798742138365,-0.415136719624249,0.3933962264150943,6.108490566037736,0.2966037735849056,0.490566037735849,0.0628930817610062,0.2452830188679245,2.216666666666667,1.874213836477988,11.032880514620322,492.629904616427,469.7451690150832,-3.002480193254336,17.549031446540877,11.690566037735852,0.6020754716981133,-0.2959436059009975,3.0223899371069183,227.55698297000555,8.069543644671647,21.936019710692285,0.3054716981132075,850.5970251572327,23.84161989873824,1.0780317241110968,6.877177278582532,3.079767295597485,5.1522088050842285,2,0,0,0.27,0.484,0.245,0.447,0.327,0.226,0.459,0.321,0.22,0.126,0.73,0.145,0.39,0.214,0.126,0.314,0.415,0.245,0.327,0.34,0.333,0.266,0.114,0.234,0.304,0.272,0.089,0.335,0.19,0.152,0.152,0.063,0.165,0.146,0.114,0.07,0.222,0.127,0.215,0.158,0.234,0.222,7.0,-339.0
O52681_A122P_FES,3,0,0,1,4,0,0,3,0,0,2,0,0,0,2,0,1,0,0,1,11,5,6,5,4,3,18,12,0,13,14,15,6,4,8,5,8,0,9,13,1806.1,-1.5606182992280853,12.64,102.18999999999998,4.1,3,4,0,29.74,19,-1443.6161431887265,8677.215006344417,6318.328092431514,-36.77355805912377,374.794,325.2,9.23,-4.33146226767182,196.004,3391.7713185224247,139.57005434652504,384.60588346286187,5.130000000000001,10841.52,529.4842514783694,15.401986111038674,90.28596721416991,70.836,21764.2,-65.43991525947716,63.92,972.36,46.93,77,10,39,354.48,295,2431.90341489362,78949.78690564397,74598.94935604346,-482.1337251088215,2745.2029999999995,1832.9000000000003,95.74,-46.72499159313698,475.852,36265.56614975522,1299.7123031576557,3477.992075338928,48.81,135662.581,3824.207266789082,169.930997193149,1094.8320403314897,480.6360000000001,106.24117647058824,-0.0918010764251814,0.7435294117647059,6.011176470588234,0.2411764705882352,0.1764705882352941,0.2352941176470588,0.0,1.7494117647058824,1.1176470588235294,-84.91859665816037,510.42441213790687,371.66635837832433,-2.163150474066104,22.04670588235294,19.12941176470588,0.5429411764705883,-0.2547918980983423,11.52964705882353,199.5159599130838,8.210003196854414,22.623875497815405,0.301764705882353,637.7364705882352,31.146132439904083,0.905999183002275,5.310939247892349,4.166823529411765,136.8817610062893,-0.411571794084762,0.4020125786163521,6.115471698113207,0.2951572327044025,0.4842767295597484,0.0628930817610062,0.2452830188679245,2.229433962264151,1.8553459119496856,15.294990030777482,496.539540287069,469.1757821134809,-3.0322875793007644,17.265427672955973,11.527672955974843,0.6021383647798743,-0.2938678716549496,2.9927798742138365,228.0853216965737,8.174291214828024,21.87416399584232,0.3069811320754717,853.2237798742138,24.05161803012001,1.068748410019805,6.8857361027137705,3.0228679245283026,5.193486213684082,2,0,0,0.258,0.497,0.245,0.447,0.327,0.226,0.453,0.321,0.226,0.126,0.73,0.145,0.396,0.22,0.126,0.308,0.421,0.245,0.327,0.333,0.34,0.259,0.108,0.241,0.304,0.297,0.089,0.329,0.184,0.158,0.152,0.063,0.165,0.158,0.114,0.07,0.228,0.12,0.222,0.158,0.234,0.222,7.0,-494.0
O52681_V128A_FES,5,0,0,1,4,0,0,3,0,0,2,0,0,0,1,0,1,0,0,0,13,5,6,5,4,3,18,12,0,13,14,15,6,4,7,5,8,0,9,12,1730.6,-1.7711689595974849,11.32,101.59,4.54,3,4,0,25.96,19,-430.7026365482593,7713.678172807583,6471.578001090629,-26.21717594759872,409.597,358.1,9.3,-4.555315946789653,203.432,3240.3889427794666,111.53423831070904,405.45060395975617,4.760000000000001,10315.052,483.975500969619,18.120786674742416,86.0736649019407,85.133,21688.7,-65.65046591984655,62.6,971.76,47.37,77,10,39,350.7,295,3444.816921534093,77986.25007210713,74752.19926470258,-471.5773429972966,2780.0059999999994,1865.8000000000004,95.81000000000002,-46.948845272254815,483.28,36114.18377401226,1271.6764871218395,3498.836795835822,48.44000000000001,135136.113,3778.698516280331,172.6497977568528,1090.61973801926,494.9330000000001,101.8,-0.1041864093880873,0.6658823529411765,5.975882352941176,0.2670588235294118,0.1764705882352941,0.2352941176470588,0.0,1.5270588235294118,1.1176470588235294,-25.335449208721137,453.7457748710343,380.68105888768406,-1.5421868204469835,24.093941176470587,21.064705882352943,0.5470588235294118,-0.2679597615758619,11.966588235294118,190.6111142811451,6.560837547688768,23.85003552704448,0.28,606.7677647058824,28.469147115859943,1.0659286279260245,5.063156758937688,5.007823529411764,136.4069182389937,-0.4128960120745066,0.3937106918238994,6.111698113207547,0.2979245283018867,0.4842767295597484,0.0628930817610062,0.2452830188679245,2.20566037735849,1.8553459119496856,21.66551522977417,490.4795602019316,470.13961801699736,-2.9658952389767084,17.4843144654088,11.734591194968557,0.6025786163522013,-0.2952757564292755,3.039496855345912,227.133231283096,7.997965327810313,22.005262866891965,0.3046540880503145,849.9126603773585,23.7653994734612,1.0858477846342942,6.859243635341258,3.112786163522013,5.149824619293213,2,0,0,0.27,0.484,0.245,0.453,0.327,0.22,0.465,0.314,0.22,0.126,0.73,0.145,0.39,0.214,0.126,0.314,0.415,0.245,0.327,0.34,0.333,0.266,0.114,0.234,0.304,0.285,0.089,0.329,0.196,0.146,0.152,0.063,0.165,0.146,0.114,0.07,0.222,0.127,0.215,0.158,0.234,0.222,7.0,-351.0
O52681_G80P_SF4,1,0,0,1,1,1,0,1,0,2,3,0,2,0,1,1,0,0,1,6,12,5,6,5,4,3,18,11,0,13,14,15,6,4,8,5,8,0,9,13,2906.7,-8.978695635150098,20.98,123.03,6.0600000000000005,5,3,1,56.0,18,-4619.532169343639,10603.783446550013,8389.266466982352,-72.7111711359594,394.717,222.5,13.740000000000002,-10.85798734944728,149.144,4468.836976902476,204.82156548989377,368.7295529038992,7.6800000000000015,17056.237,480.0936191534644,18.29243185325305,147.13754873585376,59.96499999999999,21792.7,-65.69640084239941,64.22999999999999,972.4,47.22,77,10,39,355.75999999999993,295,2644.7610710613235,78698.43159428865,74583.50008068113,-497.8306935197203,2768.2429999999995,1811.9000000000003,96.11,-46.640936854572765,481.432,36187.23098492005,1302.7599222052745,3464.090626063565,48.89,135839.12,3792.062578144393,170.8904174830041,1100.3972577227937,483.1260000000001,138.4142857142857,-0.4275569350071475,0.9990476190476192,5.8585714285714285,0.2885714285714286,0.238095238095238,0.1428571428571428,0.0476190476190476,2.6666666666666665,0.8571428571428571,-219.9777223496971,504.942068883334,399.488879380112,-3.462436720759972,18.79604761904762,10.595238095238097,0.6542857142857144,-0.5170470166403467,7.102095238095238,212.8017608048798,9.753407880471132,17.558550138280914,0.3657142857142857,812.201761904762,22.861600912069733,0.8710681834882402,7.00654993980256,2.85547619047619,137.06100628930818,-0.4131849109584868,0.4039622641509433,6.115723270440251,0.2969811320754716,0.4842767295597484,0.0628930817610062,0.2452830188679245,2.2374842767295595,1.8553459119496856,16.633717428058638,494.9586892722557,469.0786168596297,-3.1310106510674234,17.41033333333333,11.395597484276731,0.6044654088050314,-0.2933392255004576,3.0278742138364776,227.5926477038997,8.193458630221853,21.786733497255128,0.3074842767295597,854.3340880503144,23.84945017700876,1.0747824998931077,6.920737469954678,3.038528301886793,9.775317192077637,4,0,0,0.258,0.497,0.245,0.447,0.327,0.226,0.459,0.321,0.22,0.126,0.73,0.145,0.396,0.22,0.126,0.308,0.421,0.245,0.327,0.333,0.34,0.272,0.108,0.241,0.297,0.278,0.095,0.335,0.19,0.152,0.152,0.063,0.165,0.152,0.114,0.07,0.228,0.12,0.222,0.158,0.234,0.222,7.0,-526.0
P00209_F3S_F3S,6,0,1,1,4,0,2,0,0,2,0,1,2,1,1,1,0,0,0,3,6,1,3,8,6,0,9,1,0,5,1,1,2,1,4,3,0,0,0,7,3107.0,-7.593813309445514,16.57,147.43,7.619999999999999,8,6,2,53.98,35,-1082.8788147489572,11461.491801430426,10151.738298597433,-109.80602387244878,584.403,341.90000000000003,15.760000000000002,-5.798394863190512,212.722,4970.54962354364,205.2546358590672,486.8247417152651,8.139999999999999,18368.126,562.3940131956969,27.25229586172278,163.8369318482525,101.195,7275.099999999999,-27.887738172970646,21.629999999999995,312.29999999999995,16.72,40,8,7,125.65,120,-1799.1164980162823,27845.349284252625,25736.437780647604,-407.969603793508,1225.271,751.4,34.59,2.180661674854164,159.264,12372.270379088564,496.2430411357079,1076.357425902308,17.87,39461.222,1288.8162162649587,63.08509813104621,403.5398548382053,202.884,124.28,-0.3037525323778205,0.6628000000000001,5.897200000000001,0.3047999999999999,0.32,0.24,0.08,2.1592,1.4,-43.31515258995829,458.459672057217,406.0695319438973,-4.392240954897951,23.37612,13.676000000000002,0.6304000000000001,-0.2319357945276204,8.50888,198.82198494174563,8.210185434362689,19.4729896686106,0.3255999999999999,734.72504,22.49576052782788,1.0900918344689112,6.5534772739301,4.0478000000000005,125.43275862068964,-0.4808230719477697,0.3729310344827585,5.384482758620689,0.2882758620689655,0.6896551724137931,0.1379310344827586,0.1206896551724138,2.166379310344828,2.0689655172413794,-31.01924996579797,480.0922290388384,443.73168587323454,-7.033958686094966,21.125362068965515,12.955172413793104,0.5963793103448275,0.0375976150836924,2.745931034482759,213.3150065360097,8.55591450233979,18.55788665348807,0.3081034482758621,680.3658965517241,22.220969245947565,1.0876741057076933,6.957583704106988,3.498,5.36411714553833,3,0,0,0.31,0.603,0.086,0.466,0.379,0.155,0.345,0.328,0.328,0.034,0.672,0.293,0.379,0.276,0.034,0.379,0.431,0.086,0.379,0.241,0.379,0.368,0.07,0.105,0.404,0.123,0.158,0.246,0.14,0.175,0.053,0.018,0.474,0.246,0.018,0.0,0.263,0.07,0.088,0.246,0.316,0.175,7.0,-130.0
P16972_FES,3,1,0,0,4,1,0,1,0,0,1,0,0,1,1,4,1,0,1,0,15,6,1,11,5,4,11,12,1,8,10,5,2,5,6,19,11,0,4,12,2212.1,-2.782284801685166,11.130000000000004,118.76,4.87,7,4,4,34.230000000000004,42,2436.116030399416,9563.833239962652,7318.728485149783,-15.44555144858318,503.30099999999993,341.1,10.77,-8.315443265956251,201.342,3887.720803728977,150.9913079077786,412.8674669850033,5.9,14044.628000000002,535.2762457803636,17.36358755115093,107.81025093652052,79.40100000000001,18437.7,-39.44092084110376,52.19,867.9499999999999,41.45000000000001,83,7,30,305.98999999999995,290,2451.812214178316,70449.05989978088,64634.125944315965,-183.0336591364533,2971.4340000000007,2117.7000000000003,85.71000000000001,-24.123080069641308,378.934,31906.75917015793,1169.6461339796829,3167.10828472026,44.260000000000005,110272.477,3580.702019492233,153.36477554903826,966.7006082735728,523.52,116.42631578947368,-0.1464360421939561,0.5857894736842106,6.2505263157894735,0.2563157894736842,0.3684210526315789,0.2105263157894736,0.2105263157894736,1.8015789473684207,2.210526315789474,128.21663317891662,503.3596442085607,385.1962360605149,-0.8129237604517464,26.48952631578947,17.95263157894737,0.5668421052631579,-0.4376549087345395,10.596947368421052,204.61688440678824,7.946910942514664,21.72986668342123,0.3105263157894737,739.1909473684212,28.17243398844019,0.9138730290079436,5.674223733501081,4.179,124.57905405405404,-0.2664927083858362,0.3526351351351351,5.864527027027027,0.2800675675675676,0.5608108108108109,0.0472972972972973,0.2027027027027027,2.0675,1.95945945945946,16.56629874444808,476.007161485006,436.7170671913241,-1.236713913084144,20.07725675675676,14.308783783783786,0.5791216216216217,-0.1629937842543331,2.560364864864865,215.5862106091752,7.903014418781641,21.39938030216392,0.2990540540540541,745.0843040540542,24.19393256413671,1.0362484834394476,6.531760866713331,3.537297297297297,4.534070491790772,2,0,0,0.459,0.385,0.155,0.453,0.257,0.291,0.365,0.304,0.331,0.074,0.777,0.149,0.311,0.149,0.081,0.5,0.311,0.155,0.257,0.459,0.284,0.388,0.129,0.122,0.259,0.293,0.095,0.197,0.259,0.218,0.129,0.007,0.197,0.082,0.068,0.007,0.32,0.143,0.102,0.184,0.17,0.252,7.5,-433.0
P24297_FE,1,0,0,0,4,0,1,2,0,3,0,1,0,1,2,0,0,0,1,2,3,0,1,7,4,0,6,5,0,4,2,5,1,2,5,2,1,2,2,2,2338.8,-6.006504859570368,16.87,111.82,4.35,3,4,1,42.94,22,-1312.50815588567,10390.190942445355,6846.214418784573,-61.52532203737968,315.25499999999994,235.8,10.8,-9.864156806225898,191.814,3906.708080141688,186.03732184754264,354.7280818695732,6.449999999999999,14550.263,547.0678692032368,13.669118540857092,110.78846283839206,47.086000000000006,7088.800000000001,-23.85115967949189,20.36,309.27000000000004,14.57,32,5,8,111.34,101,-1123.2557646051823,28322.27020791672,24983.112172696245,-280.1950918569922,969.271,723.3000000000002,30.64,-9.805956879942483,138.226,12471.706269032837,450.9474206522466,1127.2315092535953,16.069999999999997,41434.435000000005,1376.937115395641,54.81887723912672,355.2249417185669,170.749,129.93333333333334,-0.333694714420576,0.9372222222222224,6.212222222222222,0.2416666666666666,0.1666666666666666,0.2222222222222222,0.0555555555555555,2.3855555555555554,1.2222222222222223,-72.91711977142612,577.2328301358531,380.3452454880319,-3.4180734465210936,17.514166666666664,13.1,0.6,-0.5480087114569944,10.65633333333333,217.0393377856493,10.335406769307925,19.707115659420733,0.3583333333333333,808.3479444444444,30.392659400179824,0.7593954744920607,6.154914602132893,2.615888888888889,131.2740740740741,-0.4416881422128128,0.377037037037037,5.727222222222223,0.2698148148148148,0.5925925925925926,0.0925925925925925,0.1481481481481481,2.061851851851852,1.8703703703703705,-20.801032677873746,524.4864853317912,462.6502254203008,-5.188797997351707,17.94946296296296,13.394444444444447,0.5674074074074075,-0.181591794073009,2.559740740740741,230.9575235006081,8.350878160226788,20.87465757877028,0.2975925925925925,767.304351851852,25.49883547028965,1.0151643933171617,6.578239661454943,3.1620185185185186,4.235897064208984,1,0,0,0.333,0.444,0.222,0.444,0.352,0.204,0.315,0.315,0.37,0.093,0.667,0.241,0.352,0.222,0.093,0.426,0.278,0.222,0.352,0.333,0.315,0.302,0.132,0.226,0.283,0.208,0.151,0.151,0.208,0.189,0.17,0.019,0.264,0.151,0.094,0.038,0.189,0.151,0.189,0.226,0.208,0.189,7.0,16.0
Q8KCZ7_SF4_proximal,2,0,0,1,6,0,2,0,0,3,0,0,0,0,1,0,1,0,2,4,7,1,1,6,9,0,5,2,2,7,0,1,1,0,4,3,2,0,3,8,2892.2,-14.50301763614164,20.99,125.37,5.77,9,6,0,56.73,39,-4702.201902017501,12064.41843951256,8084.386207080922,-186.8272021132369,520.088,267.4,14.14,-12.318075914969985,260.976,4515.063362471491,237.1518010965073,342.81067094211323,8.370000000000001,16399.475000000002,553.5667150278916,17.779258893377072,148.39360492871597,63.857,7818.599999999999,-28.347004148307214,35.62,356.47,16.69,31,10,9,144.63,116,-4591.7017225801965,31844.21417952247,25094.74167038084,-356.7806693407801,1314.053,801.4,37.42,-13.852796866737576,348.8520000000001,13084.756505775667,592.8166969696115,1152.8967515195127,20.730000000000004,45366.962,1538.3569209930945,58.05791378467472,422.7520005962313,199.858,131.46363636363637,-0.6592280743700746,0.954090909090909,5.698636363636363,0.2622727272727272,0.4090909090909091,0.2727272727272727,0.0,2.578636363636364,1.7727272727272727,-213.7364500917046,548.38265634148,367.47210032186007,-8.492145550601675,23.640363636363634,12.154545454545454,0.6427272727272727,-0.5599125415895446,11.862545454545456,205.23015283961325,10.779627322568516,15.58230322464151,0.3804545454545455,745.4306818181819,25.16212341035871,0.8081481315171396,6.745163860396181,2.902590909090909,126.1064516129032,-0.4572097443275357,0.574516129032258,5.7495161290322585,0.2691935483870968,0.5,0.1612903225806451,0.1451612903225806,2.3327419354838708,1.870967741935484,-74.0597052029064,513.6163577342334,404.7538979093683,-5.754526924851293,21.19440322580645,12.925806451612903,0.603548387096774,-0.2234322075280254,5.626645161290324,211.0444597705753,9.56155962854212,18.59510889547601,0.3343548387096774,731.7251935483871,24.812208403114425,0.9364179642689472,6.818580654777924,3.223516129032258,5.509114742279053,4,0,0,0.323,0.548,0.129,0.532,0.226,0.242,0.274,0.468,0.258,0.032,0.79,0.177,0.452,0.161,0.065,0.387,0.339,0.129,0.226,0.371,0.403,0.344,0.082,0.098,0.213,0.295,0.115,0.213,0.197,0.262,0.066,0.0,0.262,0.131,0.066,0.0,0.311,0.082,0.082,0.131,0.197,0.328,7.5,-584.0
Q8KCZ7_SF4_distal,3,0,0,1,5,0,2,0,1,3,0,0,0,0,2,1,0,0,0,4,7,1,1,6,9,0,5,2,2,7,0,1,1,0,4,3,2,0,3,8,2723.9,-7.381982966217654,18.39,128.4,5.91,7,5,2,54.3,33,-2704.097679317798,11414.808867820637,8098.073605900471,-114.7709272460262,468.229,264.1,13.84,-5.6625258566683705,210.3,4367.927042602741,230.00161962220812,376.7132479927282,7.93,15861.901999999998,568.1039000215472,19.384504830564254,149.38179833969647,67.366,7818.599999999999,-28.347004148307214,35.62,356.47,16.69,31,10,9,144.63,116,-4591.7017225801965,31844.21417952247,25094.74167038084,-356.7806693407801,1314.053,801.4,37.42,-13.852796866737576,348.8520000000001,13084.756505775667,592.8166969696115,1152.8967515195127,20.730000000000004,45366.962,1538.3569209930945,58.05791378467472,422.7520005962313,199.858,123.81363636363636,-0.3355446802826206,0.8359090909090909,5.836363636363637,0.2686363636363636,0.3181818181818182,0.2272727272727272,0.0909090909090909,2.4681818181818183,1.5,-122.91353087808172,518.8549485373017,368.09425481365776,-5.216860329364828,21.283136363636363,12.004545454545456,0.629090909090909,-0.2573875389394713,9.55909090909091,198.54213830012452,10.454619073736737,17.12332945421492,0.3604545454545454,720.9955454545453,25.822904546433964,0.8811138559347388,6.790081742713476,3.062090909090909,126.1064516129032,-0.4572097443275357,0.574516129032258,5.7495161290322585,0.2691935483870968,0.5,0.1612903225806451,0.1451612903225806,2.3327419354838708,1.870967741935484,-74.0597052029064,513.6163577342334,404.7538979093683,-5.754526924851293,21.19440322580645,12.925806451612903,0.603548387096774,-0.2234322075280254,5.626645161290324,211.0444597705753,9.56155962854212,18.59510889547601,0.3343548387096774,731.7251935483871,24.812208403114425,0.9364179642689472,6.818580654777924,3.223516129032258,6.966809272766113,4,0,0,0.323,0.548,0.129,0.532,0.226,0.242,0.274,0.468,0.258,0.032,0.79,0.177,0.452,0.161,0.065,0.387,0.339,0.129,0.226,0.371,0.403,0.344,0.082,0.098,0.213,0.295,0.115,0.213,0.197,0.262,0.066,0.0,0.262,0.131,0.066,0.0,0.311,0.082,0.082,0.131,0.197,0.328,7.5,-584.0
Q8KCZ6_SF4_proximal,2,0,0,0,6,0,3,1,0,3,0,0,0,0,1,0,1,0,2,3,11,0,2,2,9,1,7,4,0,5,1,0,1,1,4,4,3,0,3,4,2839.6,-13.476857807370717,19.9,125.56,5.800000000000001,9,6,0,53.02,39,-4156.92538681733,11893.331422825544,8302.886207080923,-146.84179596108507,489.714,291.5,13.84,-12.263461371378614,267.53200000000004,4518.28934409221,220.8734942182004,370.95590903735126,8.040000000000001,16021.393,573.5198692810459,18.844905151880475,140.33238043892004,66.519,7403.4,-22.06039779679348,34.809999999999995,350.34000000000003,17.240000000000002,31,10,3,126.23000000000002,108,-6227.325696608883,30166.393636176927,25081.58828158563,-210.8617114573676,1351.833,934.2,36.63,-14.415960664022023,425.1279999999999,12629.733190255216,519.3496207587852,1225.859543241049,19.390000000000004,41315.973,1546.2753097802329,63.8726974954275,385.69491997247263,237.368,129.07272727272726,-0.6125844457895779,0.9045454545454548,5.707272727272727,0.2636363636363636,0.4090909090909091,0.2727272727272727,0.0,2.41,1.7727272727272727,-188.95115394624227,540.6059737647975,377.4039185036783,-6.67462708914023,22.25972727272727,13.25,0.629090909090909,-0.5574300623353916,12.160545454545456,205.3767883678277,10.039704282645474,16.86163222897051,0.3654545454545455,728.2451363636363,26.06908496732027,0.8565865978127488,6.378744565405456,3.023590909090909,119.40967741935484,-0.3558128676902174,0.5614516129032258,5.650645161290323,0.2780645161290322,0.5,0.1612903225806451,0.0483870967741935,2.035967741935484,1.7419354838709675,-100.44073704207877,486.5547360673698,404.5417464771876,-3.400995346086574,21.803758064516128,15.06774193548387,0.5908064516129031,-0.2325154945810004,6.85690322580645,203.70537403637445,8.37660678643202,19.77192811679112,0.312741935483871,666.3866612903225,24.93992435129408,1.0302047983133469,6.220885806007623,3.828516129032258,5.481197834014893,4,0,0,0.387,0.532,0.081,0.565,0.194,0.242,0.339,0.403,0.258,0.0,0.855,0.145,0.387,0.226,0.0,0.452,0.323,0.081,0.194,0.468,0.339,0.377,0.066,0.082,0.23,0.279,0.098,0.262,0.246,0.164,0.0,0.0,0.262,0.164,0.0,0.0,0.246,0.066,0.066,0.18,0.148,0.361,7.5,-514.0
Q8KCZ6_SF4_distal,4,0,2,0,5,0,3,0,0,2,1,0,0,0,2,2,1,0,0,1,11,0,2,2,9,1,7,4,0,5,1,0,1,1,4,4,3,0,3,4,2699.9,-6.607831123449121,13.96,133.24,6.34,11,5,2,47.48000000000001,46,-2195.060178805552,11344.215135626902,9063.95645361221,-108.637701696082,570.866,340.1,13.679999999999998,-4.110342923371261,205.212,4591.299619019933,207.4026981732866,441.99934933878745,7.340000000000001,15441.975,595.4540424716897,23.20563836876851,148.62395297706246,88.522,7403.4,-22.06039779679348,34.809999999999995,350.34000000000003,17.240000000000002,31,10,3,126.23000000000002,108,-6227.325696608883,30166.393636176927,25081.58828158563,-210.8617114573676,1351.833,934.2,36.63,-14.415960664022023,425.1279999999999,12629.733190255216,519.3496207587852,1225.859543241049,19.390000000000004,41315.973,1546.2753097802329,63.8726974954275,385.69491997247263,237.368,117.38695652173912,-0.2872970053673531,0.6069565217391304,5.79304347826087,0.2756521739130435,0.4782608695652174,0.217391304347826,0.0869565217391304,2.064347826086957,2.0,-95.43739907850224,493.22674502725664,394.0850632005309,-4.723378334612261,24.820260869565217,14.786956521739132,0.5947826086956521,-0.178710561885707,8.922260869565218,199.62172256608403,9.017508616229852,19.21736301472989,0.3191304347826087,671.3902173913044,25.88930619442129,1.0089407986421093,6.461910999002716,3.848782608695653,119.40967741935484,-0.3558128676902174,0.5614516129032258,5.650645161290323,0.2780645161290322,0.5,0.1612903225806451,0.0483870967741935,2.035967741935484,1.7419354838709675,-100.44073704207877,486.5547360673698,404.5417464771876,-3.400995346086574,21.803758064516128,15.06774193548387,0.5908064516129031,-0.2325154945810004,6.85690322580645,203.70537403637445,8.37660678643202,19.77192811679112,0.312741935483871,666.3866612903225,24.93992435129408,1.0302047983133469,6.220885806007623,3.828516129032258,6.89971399307251,4,0,0,0.387,0.532,0.081,0.565,0.194,0.242,0.339,0.403,0.258,0.0,0.855,0.145,0.387,0.226,0.0,0.452,0.323,0.081,0.194,0.468,0.339,0.377,0.066,0.082,0.23,0.279,0.098,0.262,0.246,0.164,0.0,0.0,0.262,0.164,0.0,0.0,0.246,0.066,0.066,0.18,0.148,0.361,7.5,-514.0
P9WF43_SF4,1,2,1,0,4,0,2,2,1,0,0,1,1,0,1,0,1,1,0,3,8,7,4,6,4,2,5,6,1,1,6,3,2,2,4,4,3,3,0,5,2741.8,-6.308952320095719,9.83,137.61999999999998,5.57,6,5,11,44.91,49,3541.37913543379,11064.40062102214,9166.686920605352,-71.16537919483133,411.3429999999999,287.50000000000006,12.36,-6.038943911709752,164.86000000000004,4678.297564158014,181.68289226396828,481.4673441906568,6.789999999999999,18441.369,601.9248657008914,19.70583977585593,134.37564961186445,62.68900000000001,9889.8,-22.07761681143181,22.46,473.83,21.99,35,6,35,152.58,171,17398.992086957205,36698.47852304216,35871.67921722642,-227.01846026142005,1475.169,1045.4,43.84,-11.964169381148707,203.76200000000003,17186.623637023873,571.9126359608172,1788.2506093370584,21.85,63628.566000000006,1891.391499968184,83.54734169151843,510.34539373407273,267.016,130.56190476190477,-0.3004263009569389,0.4680952380952381,6.553333333333332,0.2652380952380953,0.2857142857142857,0.238095238095238,0.5238095238095238,2.138571428571429,2.333333333333333,168.63710168732334,526.8762200486733,436.50890098120726,-3.388827580706254,19.58776190476189,13.690476190476192,0.5885714285714285,-0.2875687577004643,7.850476190476193,222.7760744837149,8.651566298284203,22.92701639003128,0.3233333333333333,878.1604285714285,28.66308884289959,0.9383733226598064,6.398840457707831,2.9851904761904766,130.12894736842105,-0.2904949580451554,0.2955263157894737,6.234605263157896,0.2893421052631579,0.4605263157894737,0.0789473684210526,0.4605263157894737,2.0076315789473687,2.25,228.93410640733163,482.8747174084494,471.99577917403184,-2.9870850034397374,19.41011842105263,13.755263157894737,0.5768421052631578,-0.157423281330904,2.6810789473684213,226.13978469768253,7.5251662626423315,23.52961328075077,0.2875,837.2179736842106,24.886730262739256,1.0993071275199793,6.715070970185168,3.513368421052632,8.128491401672363,4,0,0,0.355,0.408,0.237,0.461,0.355,0.184,0.447,0.237,0.316,0.132,0.724,0.145,0.303,0.197,0.145,0.408,0.303,0.237,0.355,0.342,0.303,0.347,0.147,0.133,0.267,0.173,0.133,0.16,0.267,0.16,0.16,0.027,0.16,0.12,0.067,0.04,0.347,0.16,0.093,0.24,0.16,0.253,7.5,-236.0
P52102_SF4_proximal,0,0,1,1,5,1,1,0,0,5,0,1,1,0,1,0,1,0,1,1,4,0,4,6,8,2,9,2,5,8,4,7,4,1,6,2,6,1,2,5,2777.3,-12.412950737826083,17.87,119.93999999999996,5.15,8,6,3,52.67000000000001,42,-4213.474017589273,11354.469340048212,8029.163876958763,-174.2338638863719,463.5799999999999,230.9,12.52,-11.123364827293504,206.774,4453.828433414988,216.3689096153534,342.7406827420547,7.37,16760.587,523.4862999583547,15.550197485005338,142.3561055793345,51.33500000000001,11652.7,-39.26299677581678,38.04,512.8,24.12,46,12,24,201.1,181,-13288.897932420698,44768.56848279574,38998.48511927807,-504.61088308483903,1732.748,957.7,51.43,-16.959613437216134,360.292,19594.6595364518,800.4208315471943,1711.7754525605665,27.31,70655.76699999999,2112.1217122888293,85.21350560016342,623.4870161106126,248.762,138.86499999999998,-0.6206475368913043,0.8935000000000001,5.996999999999998,0.2575,0.4,0.3,0.15,2.6335000000000006,2.1,-210.67370087946364,567.7234670024106,401.4581938479381,-8.711693194318595,23.178999999999995,11.544999999999998,0.626,-0.5561682413646751,10.3387,222.69142167074932,10.81844548076767,17.137034137102734,0.3685,838.02935,26.174314997917737,0.7775098742502669,7.117805278966725,2.5667500000000003,135.49651162790698,-0.4565464741374044,0.4423255813953488,5.962790697674418,0.2804651162790698,0.5348837209302325,0.1395348837209302,0.2790697674418604,2.338372093023256,2.104651162790698,-154.522068981636,520.5647497999504,453.47075720090777,-5.867568407963245,20.148232558139537,11.136046511627908,0.5980232558139534,-0.1972048074094899,4.1894418604651165,227.8448783308348,9.307218971479005,19.904365727448447,0.3175581395348837,821.5786860465115,24.559554794056154,0.99085471628097,7.249849024542007,2.892581395348837,5.457901477813721,4,0,0,0.233,0.535,0.233,0.384,0.326,0.291,0.407,0.36,0.233,0.081,0.744,0.174,0.384,0.244,0.14,0.302,0.372,0.233,0.326,0.314,0.36,0.235,0.165,0.176,0.247,0.235,0.2,0.318,0.165,0.165,0.094,0.047,0.282,0.188,0.118,0.012,0.224,0.165,0.141,0.224,0.224,0.224,7.0,-675.0
P52102_SF4_distal,2,0,1,0,5,1,4,0,0,2,1,1,0,0,2,0,3,0,0,1,4,0,4,6,8,2,9,2,5,8,4,7,4,1,6,2,6,1,2,5,2913.6000000000004,-9.213128891154495,12.69,133.03,6.41,13,5,3,51.77000000000001,53,-5385.854166838129,11850.534580071348,9642.863085144929,-145.9105054431442,524.2399999999999,274.79999999999995,13.96,-4.037057744877108,203.638,4831.053441379524,223.3994243637628,423.9436620309264,7.549999999999999,16825.511,585.9148559637531,22.96219942446001,158.36555282648845,70.904,11652.7,-39.26299677581678,38.04,512.8,24.12,46,12,24,201.1,181,-13288.897932420698,44768.56848279574,38998.48511927807,-504.61088308483903,1732.748,957.7,51.43,-16.959613437216134,360.292,19594.6595364518,800.4208315471943,1711.7754525605665,27.31,70655.76699999999,2112.1217122888293,85.21350560016342,623.4870161106126,248.762,126.67826086956524,-0.4005708213545432,0.5517391304347826,5.783913043478261,0.278695652173913,0.5652173913043478,0.217391304347826,0.1304347826086956,2.250869565217392,2.3043478260869565,-234.16757247122297,515.2406339161455,419.2549167454317,-6.343935019267138,22.793043478260863,11.94782608695652,0.6069565217391304,-0.1755242497772655,8.853826086956522,210.0458017991097,9.71301845059838,18.43233313177941,0.3282608695652173,731.5439565217391,25.47455895494579,0.9983564967156526,6.885458818542975,3.082782608695652,135.49651162790698,-0.4565464741374044,0.4423255813953488,5.962790697674418,0.2804651162790698,0.5348837209302325,0.1395348837209302,0.2790697674418604,2.338372093023256,2.104651162790698,-154.522068981636,520.5647497999504,453.47075720090777,-5.867568407963245,20.148232558139537,11.136046511627908,0.5980232558139534,-0.1972048074094899,4.1894418604651165,227.8448783308348,9.307218971479005,19.904365727448447,0.3175581395348837,821.5786860465115,24.559554794056154,0.99085471628097,7.249849024542007,2.892581395348837,9.63917636871338,4,0,0,0.233,0.535,0.233,0.384,0.326,0.291,0.407,0.36,0.233,0.081,0.744,0.174,0.384,0.244,0.14,0.302,0.372,0.233,0.326,0.314,0.36,0.235,0.165,0.176,0.247,0.235,0.2,0.318,0.165,0.165,0.094,0.047,0.282,0.188,0.118,0.012,0.224,0.165,0.141,0.224,0.224,0.224,7.0,-418.0
P10245_SF4,4,0,0,2,4,0,0,3,0,3,0,1,0,1,1,1,2,0,1,1,8,0,2,15,4,1,6,6,0,8,2,4,2,3,6,1,4,0,4,5,2816.999999999999,-6.66554247924269,15.440000000000005,143.11,6.040000000000001,8,4,1,49.45,35,-2465.426962636802,12209.904658359068,9200.157909224228,-60.75579624767852,523.872,404.6,13.69,-8.664735509960902,183.926,4973.156579663816,205.5419820022028,508.8586546784069,7.649999999999999,16965.402,660.8752359106038,21.46162510870162,142.22471125080054,90.231,10313.2,-41.79029950273414,28.76,442.61,22.16,54,6,7,174.78000000000003,150,-8199.175863040095,40855.89352100715,36411.719476621154,-547.2580703410129,1591.8979999999997,1091.6,46.42,-6.086789066064629,98.21599999999998,18148.41395624469,696.7919776376588,1602.705026512128,24.26,57257.612,1899.602062137496,83.4358104313325,555.8382991294446,275.4240000000001,117.37499999999996,-0.2777309366351121,0.6433333333333334,5.962916666666668,0.2516666666666667,0.3333333333333333,0.1666666666666666,0.0416666666666666,2.060416666666667,1.4583333333333333,-102.72612344320008,508.7460274316279,383.3399128843428,-2.5314915103199382,21.828,16.858333333333334,0.5704166666666667,-0.3610306462483709,7.663583333333332,207.21485748599235,8.564249250091784,21.20244394493362,0.31875,706.8917499999999,27.536468162941823,0.8942343795292342,5.926029635450022,3.759625,127.32345679012344,-0.5159296234905449,0.3550617283950617,5.464320987654321,0.2735802469135802,0.6666666666666666,0.074074074074074,0.0864197530864197,2.157777777777778,1.851851851851852,-101.22439337086536,504.39374717292776,449.5274009459402,-6.756272473345838,19.65306172839506,13.476543209876544,0.5730864197530864,-0.0751455440254892,1.212543209876543,224.05449328697148,8.602370094292084,19.786481808791702,0.2995061728395062,706.8840987654321,23.45187731033945,1.0300717337201544,6.862201223820304,3.4002962962962973,5.168384075164795,4,0,0,0.42,0.42,0.16,0.444,0.346,0.21,0.284,0.346,0.37,0.049,0.691,0.259,0.346,0.185,0.049,0.494,0.296,0.16,0.346,0.358,0.296,0.4,0.125,0.125,0.25,0.15,0.188,0.237,0.225,0.237,0.075,0.025,0.362,0.087,0.05,0.037,0.3,0.15,0.1,0.25,0.188,0.263,7.0,-280.0
O52681_V128W_FES,4,0,0,1,4,0,0,3,0,0,2,0,0,0,1,0,1,1,0,0,12,5,6,5,4,3,18,12,0,13,14,15,6,4,7,5,8,1,9,12,1869.8,-3.2293999209037034,13.26,101.42,4.44,3,4,1,27.89,20,-949.3642687041554,8214.600791855202,6628.7415621672335,-35.60870291543928,398.755,343.90000000000003,9.39,-7.310315632907438,206.402,3411.919088309613,118.51786926309,393.028243711309,4.95,11126.838000000002,487.9903819219999,17.05660448012544,88.1513046534935,78.78899999999999,21827.9,-67.10869688115277,64.53999999999999,971.59,47.27,77,10,40,352.62999999999994,296,2926.155289378192,78487.17269115474,74909.36282577917,-480.9688699651371,2769.164,1851.6000000000004,95.9,-49.7038449583726,486.25,36285.7139195424,1278.6601180742205,3486.4144355873746,48.63,135947.899,3782.713397232712,171.5856155622358,1092.6973777708129,488.58900000000017,109.98823529411764,-0.1899647012296296,0.78,5.965882352941176,0.2611764705882353,0.1764705882352941,0.2352941176470588,0.0588235294117647,1.6405882352941177,1.1764705882352942,-55.844956982597374,483.2118112856001,389.9259742451314,-2.0946295832611344,23.45617647058824,20.229411764705883,0.5523529411764706,-0.430018566641614,12.14129411764706,200.70112284174195,6.971639368417058,23.11930845360641,0.2911764705882353,654.5198823529413,28.70531658364705,1.0033296753014964,5.185370861970206,4.6346470588235285,137.2823899371069,-0.4220672759820928,0.4059119496855345,6.11062893081761,0.2972955974842767,0.4842767295597484,0.0628930817610062,0.2515723270440251,2.2177987421383643,1.8616352201257864,18.403492386026365,493.6300169255016,471.1280680866615,-3.024961446321617,17.41612578616352,11.645283018867929,0.6031446540880504,-0.3126027984803308,3.058176100628931,228.2120372298264,8.04188753505799,21.92713481501493,0.3058490566037736,855.0182327044025,23.79065029706108,1.0791548148568288,6.872310552017691,3.072886792452832,5.119069576263428,2,0,0,0.264,0.484,0.252,0.453,0.327,0.22,0.459,0.321,0.22,0.126,0.73,0.145,0.396,0.214,0.126,0.308,0.415,0.252,0.327,0.333,0.34,0.259,0.108,0.241,0.304,0.285,0.089,0.335,0.19,0.152,0.152,0.063,0.165,0.152,0.114,0.07,0.222,0.127,0.215,0.158,0.234,0.222,7.0,-328.0
P00268_FE,0,0,0,0,4,1,0,3,0,1,1,0,0,1,1,0,2,0,1,3,0,0,3,8,4,1,5,6,0,2,1,4,1,2,5,0,3,1,3,5,2239.9,-6.359727090901208,17.09,108.73,4.029999999999999,4,4,1,41.04,26,-5397.166143114123,10258.004180133594,6549.468374728803,-48.38053348028423,368.414,282.8,10.45,-10.659150346946271,211.22799999999995,3860.73693548333,178.32146663793736,355.5514973507729,6.42,13444.116,554.8735595776773,12.224578382265983,103.2374785812016,50.63499999999999,6999.1,-28.02108625817514,16.54,305.0300000000001,13.5,36,5,9,113.62,115,-6866.443953642058,29520.858669455185,24630.219245856617,-361.9575971030248,987.4829999999998,734.2,29.85,-5.849160716826926,81.218,12677.291037617162,481.8447680270938,1113.498639052496,16.35,40227.473000000005,1442.546231696007,50.26879870891277,355.3825645253898,157.095,124.4388888888889,-0.3533181717167337,0.9494444444444444,6.040555555555555,0.2238888888888888,0.2222222222222222,0.2222222222222222,0.0555555555555555,2.28,1.4444444444444444,-299.8425635063402,569.889121118533,363.85935415160014,-2.687807415571346,20.467444444444443,15.711111111111112,0.5805555555555555,-0.592175019274793,11.734888888888886,214.48538530462943,9.906748146552076,19.752860963931827,0.3566666666666667,746.8953333333334,30.826308865426515,0.6791432434592213,5.735415476733421,2.813055555555555,129.61296296296297,-0.5189090047810211,0.3062962962962963,5.648703703703705,0.25,0.6666666666666666,0.0925925925925925,0.1666666666666666,2.104074074074074,2.1296296296296298,-127.15636951188996,546.6825679528738,456.115171219567,-6.702918464870829,18.28672222222222,13.596296296296297,0.5527777777777777,-0.1083177910523504,1.504037037037037,234.76464884476223,8.923051259760998,20.620345167638813,0.3027777777777778,744.9532037037038,26.71381910548161,0.9309036797946808,6.581158602322033,2.9091666666666667,4.21792459487915,1,0,0,0.315,0.481,0.204,0.389,0.389,0.222,0.222,0.37,0.407,0.074,0.685,0.241,0.352,0.259,0.074,0.407,0.315,0.204,0.389,0.315,0.296,0.321,0.132,0.113,0.245,0.208,0.189,0.132,0.132,0.283,0.075,0.038,0.283,0.17,0.057,0.0,0.264,0.132,0.113,0.245,0.189,0.245,7.0,-66.0
P05314_SF4,1,0,1,0,4,1,0,4,0,1,0,0,0,0,1,2,2,0,0,0,36,42,29,31,13,20,49,44,12,35,51,35,17,19,34,38,22,8,9,50,1710.5,-0.2288406080820544,8.61,103.40000000000002,3.4399999999999995,6,4,2,27.06,34,-2848.8142554287924,8974.206133735544,6122.886325367256,25.228427010541672,385.336,375.6,8.45,-3.9662381598924816,153.928,3484.497180170605,133.1093298858006,407.86708625414906,5.01,10401.024,580.2450369891548,12.990093366180943,79.70076582501636,66.955,79723.7,-183.63342236924012,199.58,3702.24,171.72999999999996,278,30,242,1290.45,1254,84518.86160470733,293081.9824761439,279967.9929531996,-1409.0655988731855,10495.765,7216.799999999999,349.25000000000006,-112.57237802619346,1192.3779999999997,135956.77629048665,4794.907026737596,13532.612240083332,177.52,510066.342,14716.031137394451,630.0483848474092,4115.849900677456,1834.412,100.61764705882354,-0.0134612122401208,0.5064705882352941,6.082352941176472,0.2023529411764705,0.3529411764705882,0.2352941176470588,0.1176470588235294,1.591764705882353,2.0,-167.57730914287015,527.8944784550321,360.1697838451327,1.484025118267157,22.666823529411765,22.094117647058823,0.4970588235294117,-0.2333081270524989,9.054588235294116,204.9704223629768,7.829960581517683,23.99218154436171,0.2947058823529411,611.8249411764706,34.13206099936205,0.7641231391871144,4.688280342648021,3.938529411764706,134.21498316498315,-0.3091471757057915,0.3359932659932659,6.232727272727273,0.289107744107744,0.468013468013468,0.0505050505050505,0.4074074074074074,2.172474747474748,2.111111111111111,142.28764579917058,493.4040109025992,471.326587463299,-2.372164307867316,17.66963804713805,12.14949494949495,0.587962962962963,-0.1895157879228846,2.00737037037037,228.8834617684961,8.072234051746793,22.782175488355776,0.2988552188552189,858.6975454545454,24.774463194266755,1.06068751657813,6.929040236830734,3.08823569023569,21.406339645385746,4,0,0,0.288,0.473,0.239,0.431,0.347,0.222,0.441,0.263,0.296,0.13,0.736,0.135,0.34,0.222,0.15,0.345,0.394,0.239,0.347,0.328,0.325,0.275,0.123,0.206,0.3,0.189,0.137,0.224,0.234,0.174,0.189,0.037,0.184,0.153,0.108,0.069,0.304,0.147,0.169,0.212,0.224,0.25,7.5,-375.0
P0A3C8_FES,3,1,0,0,4,1,0,1,0,0,1,0,0,2,1,2,2,0,0,1,9,1,1,11,4,5,10,6,2,5,7,4,1,3,3,6,8,0,5,8,2286.5,-2.4974060795124178,13.52,118.99,5.0,5,4,4,38.31,36,107.1780481994598,9603.808901338312,7318.770205303826,-31.036120208764416,482.141,305.1,11.160000000000002,-7.615981063585839,216.17,3890.713579786768,163.9524719289426,401.11062569478577,6.159999999999999,14503.945000000002,523.4992087433267,17.24908745072565,114.92568106235775,72.90100000000001,12807.3,-49.02718285138692,33.730000000000004,552.0699999999999,28.57,67,5,17,211.5,208,-12402.21872619533,47485.37723884876,44990.75008657288,-461.30854565019473,2009.21,1299.4,58.31,-16.152503625387535,226.786,21834.927774512544,793.9667699603457,1978.0965853767807,29.74,72468.895,2198.686767919044,106.43069491723718,675.7363382532258,337.649,120.34210526315788,-0.1314424252374956,0.7115789473684211,6.262631578947369,0.2631578947368421,0.2631578947368421,0.2105263157894736,0.2105263157894736,2.0163157894736843,1.894736842105263,5.640949905234726,505.46362638622696,385.19843185809606,-1.6334800109876009,25.37584210526316,16.057894736842105,0.5873684210526317,-0.400841108609781,11.377368421052632,204.77439893614567,8.629077469944347,21.11108556288346,0.3242105263157894,763.3655263157896,27.5525899338593,0.907846707932929,6.048720055913567,3.836894736842106,129.36666666666665,-0.4952240692059285,0.3407070707070707,5.576464646464646,0.2885858585858585,0.6767676767676768,0.0505050505050505,0.1717171717171717,2.136363636363636,2.101010101010101,-125.27493662823564,479.6502751398865,454.45202107649374,-4.659682279294897,20.295050505050504,13.125252525252526,0.5889898989898991,-0.1631566022766417,2.2907676767676763,220.5548260051772,8.019866363235815,19.98077358966446,0.3004040404040404,732.0090404040404,22.20895725170752,1.0750575244165372,6.825619578315412,3.4105959595959594,4.730661392211914,2,0,0,0.404,0.434,0.162,0.424,0.323,0.253,0.394,0.333,0.273,0.051,0.737,0.212,0.333,0.192,0.071,0.434,0.364,0.162,0.323,0.394,0.283,0.347,0.122,0.122,0.265,0.265,0.122,0.265,0.214,0.194,0.092,0.01,0.276,0.122,0.041,0.02,0.286,0.143,0.092,0.214,0.173,0.224,7.0,-405.0
O52681_V128D_FES,4,0,0,2,4,0,0,3,0,0,2,0,0,0,1,0,1,0,0,0,12,5,6,6,4,3,18,12,0,13,14,15,6,4,7,5,8,0,9,12,1753.0999999999997,-3.462529680929753,10.24,98.43,4.37,5,4,0,26.28,23,-835.6934068890866,7947.125791855202,6641.860609786281,-59.50210173834592,418.557,360.1,9.1,-3.545804054748808,182.45200000000003,3350.970139360664,114.88661926309,393.6353865684519,4.73,10101.451,481.227881922,17.544699718220677,88.50844751063636,82.573,21711.2,-67.34182664117883,61.52,968.6,47.2,79,10,39,351.02,299,3039.826151193261,78219.69769115475,74922.48187339822,-504.8622687880439,2788.9659999999994,1867.8000000000004,95.61,-45.93933338021397,462.3,36224.76497059345,1275.0288680742206,3487.0215784445177,48.41000000000001,134922.51200000002,3775.950897232712,172.07371080033104,1093.0545206279558,492.37300000000016,103.1235294117647,-0.2036782165252795,0.6023529411764706,5.789999999999999,0.2570588235294118,0.2941176470588235,0.2352941176470588,0.0,1.5458823529411765,1.3529411764705883,-49.15843569935804,467.4779877561883,390.6976829286048,-3.500123631667407,24.621,21.18235294117647,0.5352941176470589,-0.208576709102871,10.732470588235296,197.11589055062728,6.758036427240588,23.1550227393207,0.2782352941176471,594.2030000000001,28.307522465999995,1.0320411598953338,5.206379265331551,4.857235294117647,136.54842767295597,-0.4235335008879171,0.3869182389937106,6.091823899371069,0.2968553459119497,0.4968553459119497,0.0628930817610062,0.2452830188679245,2.2076729559748425,1.880503144654088,19.118403466624287,491.9477842210991,471.2105778201146,-3.1752343948933577,17.540666666666663,11.747169811320758,0.6013207547169812,-0.2889266250327922,2.9075471698113207,227.82871050687703,8.019049484743526,21.930953323550423,0.3044654088050315,848.5692578616354,23.748118850520203,1.082224596228497,6.874556733509156,3.096685534591196,5.113470077514648,2,0,0,0.27,0.484,0.245,0.447,0.333,0.22,0.459,0.314,0.226,0.126,0.723,0.151,0.39,0.214,0.126,0.314,0.415,0.245,0.333,0.333,0.333,0.266,0.114,0.234,0.304,0.272,0.101,0.329,0.196,0.146,0.152,0.063,0.177,0.146,0.114,0.07,0.222,0.127,0.215,0.165,0.241,0.215,7.0,-335.0
O52681_V128S_FES,4,0,0,1,4,0,0,3,0,0,2,0,0,0,1,1,1,0,0,0,12,5,6,5,4,3,18,12,0,13,14,15,6,4,7,6,8,0,9,12,1730.9999999999998,-1.500734033599982,10.97,101.18,4.32,4,4,0,25.99,22,-593.1316767299913,7947.725791855202,6404.217752643424,-17.55829257201763,419.307,365.1,9.13,-4.6610338551117305,196.852,3289.497917138442,115.03661926309,399.2425294255948,4.8100000000000005,10281.006,497.9278819219999,17.008985432506392,85.18701893920779,82.573,21689.1,-65.38003099384905,62.25,971.35,47.15,78,10,39,350.73,298,3282.387881352355,78220.29769115474,74684.83901625536,-462.9184596217155,2789.7159999999994,1872.8000000000004,95.64,-47.05456318057689,476.7,36163.292748371234,1275.1788680742206,3492.6287213016603,48.49,135102.067,3792.650897232712,171.53799651461674,1089.7330920565273,492.37300000000016,101.8235294117647,-0.0882784725647048,0.6452941176470589,5.951764705882352,0.2541176470588235,0.2352941176470588,0.2352941176470588,0.0,1.5288235294117647,1.2941176470588236,-34.89009863117596,467.5132818738354,376.7186913319661,-1.0328407395304489,24.66511764705882,21.47647058823529,0.5370588235294118,-0.2741784620653959,11.579529411764709,193.4998774787319,6.766859956652352,23.48485467209381,0.2829411764705882,604.7650588235294,29.289875407176467,1.0005285548533172,5.011001114071046,4.857235294117647,136.40943396226413,-0.4111951634833273,0.3915094339622642,6.109119496855345,0.2965408805031446,0.490566037735849,0.0628930817610062,0.2452830188679245,2.2058490566037734,1.874213836477988,20.64394893932299,491.9515578060047,469.7159686556941,-2.911436852966764,17.54538364779874,11.77861635220126,0.6015094339622642,-0.2959406489344459,2.9981132075471697,227.4420927570518,8.01999288096994,21.966218372966416,0.3049685534591195,849.6985345911951,23.85315029706108,1.0788553239913,6.853667245638537,3.096685534591196,5.151085376739502,2,0,0,0.27,0.484,0.245,0.447,0.327,0.226,0.459,0.314,0.226,0.126,0.73,0.145,0.39,0.214,0.126,0.314,0.415,0.245,0.327,0.34,0.333,0.266,0.114,0.234,0.304,0.272,0.089,0.329,0.196,0.146,0.152,0.063,0.165,0.146,0.114,0.07,0.222,0.127,0.215,0.158,0.234,0.222,7.0,-328.0
P0DUV7_SF4,0,0,0,0,3,0,0,7,0,6,0,0,0,3,3,0,0,0,0,0,69,18,21,24,12,15,21,54,9,33,51,24,27,6,15,48,21,6,6,72,2654.2000000000003,-1.1804996567892116,22.950000000000003,135.19,4.509999999999999,0,3,0,47.28,9,-1726.805322196516,12984.628959276017,8314.858063379394,67.63093501427697,258.40500000000003,384.9,11.65,-11.634615004069977,181.368,4954.462716326441,206.0506787330319,515.0265725288832,7.140000000000001,16191.061,773.3280542986425,14.82604898185205,115.58723602406305,59.259,69882.6,-122.3919264266961,262.7700000000001,3377.01,159.93,201,39,138,1171.2600000000002,852,5490.034275959217,256321.6204736956,240203.64068619744,-220.6013433317346,10408.932,7760.1,328.02,-133.5937698752531,1855.92,118365.12574494698,4210.500639069394,12384.382976908644,168.09000000000003,435550.4370000001,13379.62602189864,577.0205841217513,3581.640279709829,1977.2370000000003,120.64545454545456,-0.0536590753086005,1.0431818181818182,6.145,0.2049999999999999,0.0,0.1363636363636363,0.0,2.149090909090909,0.4090909090909091,-78.49115100893255,590.2104072398189,377.94809378997246,3.0741334097398623,11.74568181818182,17.495454545454546,0.5295454545454544,-0.5288461365486352,8.244,225.20285074211097,9.365939942410542,23.410298751312872,0.3245454545454546,735.9573181818182,35.15127519539284,0.6739113173569113,5.253965273821047,2.693590909090909,126.59891304347828,-0.2217245043961886,0.4760326086956523,6.1177717391304345,0.2897282608695652,0.3641304347826087,0.0706521739130434,0.25,2.121847826086957,1.5434782608695652,9.945714268042058,464.35076172770937,435.1515229822417,-0.3996401147314032,18.85676086956521,14.058152173913044,0.5942391304347826,-0.2420176990493715,3.362173913043478,214.42957562490395,7.627718549038758,22.4354764074432,0.3045108695652174,789.0406467391306,24.23845293822217,1.0453271451481,6.48847876759027,3.581951086956522,23.33771514892578,4,0,0,0.391,0.435,0.174,0.549,0.223,0.228,0.424,0.283,0.293,0.076,0.842,0.082,0.386,0.13,0.092,0.418,0.386,0.174,0.223,0.402,0.375,0.343,0.134,0.136,0.245,0.265,0.114,0.245,0.254,0.18,0.125,0.016,0.147,0.098,0.06,0.038,0.343,0.151,0.109,0.212,0.147,0.33,7.0,99.0
Q9XBQ8_SF4,1,4,0,1,3,0,0,3,2,0,0,0,2,0,0,3,1,0,1,0,18,29,20,26,11,11,30,26,13,26,40,22,10,6,28,18,23,4,16,39,2608.0,-4.32651894777244,3.94,144.44,5.37,7,5,16,38.13,62,11399.801759841836,10538.088385619654,9498.74471418472,-8.240030390006748,479.274,379.6,11.329999999999998,-5.851155748439584,129.94,4781.621204442087,147.0380537946174,558.4046608678822,5.960000000000001,18964.071000000004,619.6389601958643,20.19093596929758,128.20038289653084,79.58600000000001,56651.99999999999,-158.95932325432028,154.7,2591.4700000000003,117.94,200,21,170,953.1,895,40039.57019950525,212563.5745611516,194185.30924832725,-1517.2351568936326,7465.084000000002,4730.800000000001,246.00000000000009,-94.0501410440158,894.8580000000001,96178.66479170918,3642.309849343696,9197.097393502576,128.06,361924.851,10433.694754832655,422.4698178129345,2978.8462115010707,1199.198,124.1904761904762,-0.2060247117986876,0.1876190476190476,6.878095238095238,0.2557142857142857,0.3333333333333333,0.238095238095238,0.7619047619047619,1.8157142857142847,2.952380952380953,542.8477028496113,501.81373264855495,452.3211768659391,-0.3923823995241308,22.82257142857143,18.07619047619048,0.5395238095238094,-0.2786264642114088,6.187619047619047,227.6962478305756,7.001812085457972,26.590698136565816,0.2838095238095238,903.0510000000002,29.506617152184017,0.9614731413951229,6.10478013793004,3.7898095238095246,136.1826923076923,-0.3821137578228853,0.3718749999999999,6.229495192307693,0.2835096153846154,0.4807692307692308,0.0504807692307692,0.4086538461538461,2.2911057692307697,2.1514423076923075,96.24896682573376,510.97013115661423,466.79160877001743,-3.647199896378925,17.944913461538466,11.372115384615388,0.591346153846154,-0.2260820698173456,2.1511009615384618,231.1987134416086,8.755552522460807,22.108407195919654,0.3078365384615384,870.0116610576923,25.08099700680928,1.015552446665708,7.160688008416035,2.8826875000000003,14.39911651611328,4,0,0,0.267,0.493,0.24,0.409,0.332,0.26,0.416,0.3,0.284,0.123,0.743,0.135,0.365,0.214,0.154,0.334,0.399,0.24,0.332,0.341,0.327,0.265,0.106,0.229,0.282,0.19,0.159,0.243,0.224,0.186,0.178,0.024,0.2,0.176,0.12,0.055,0.265,0.13,0.193,0.212,0.229,0.236,8.0,-430.0
Q9HH83_FES,2,2,0,0,4,0,0,0,2,1,2,0,0,0,2,1,0,0,2,2,12,5,5,8,4,2,6,5,2,6,11,11,3,2,4,3,4,2,4,10,2746.1,-8.33011520400954,15.98,135.26,5.36,3,4,10,49.540000000000006,41,4827.806242798627,11248.21573894515,8180.050151378811,-105.9939195420658,434.741,223.5,12.39,-12.07453543794318,216.312,4445.590931499802,208.4712712777421,417.1966126453089,7.029999999999999,18857.216,569.2323019464197,16.974050805421196,142.7783583622163,56.96,14917.6,-43.56613214168017,41.86999999999999,686.6500000000001,32.650000000000006,46,7,39,242.36,212,10262.728396454697,53091.08333796407,51249.196541463134,-449.22024893091776,2063.59,1272.4,65.92999999999999,-31.51806037000445,326.80000000000007,24821.947314053283,875.6334760150124,2443.686650048661,33.28,96569.88,2558.233773226116,118.05347498914723,768.4548722875413,352.49000000000007,137.305,-0.4165057602004769,0.7989999999999999,6.763,0.268,0.15,0.2,0.5,2.4770000000000003,2.05,241.39031213993127,562.4107869472575,409.0025075689406,-5.2996959771032905,21.73705,11.175,0.6194999999999999,-0.603726771897159,10.8156,222.2795465749901,10.423563563887104,20.85983063226544,0.3515,942.8608,28.461615097320987,0.8487025402710598,7.138917918110815,2.848,136.85871559633026,-0.3996892857034878,0.3841284403669724,6.299541284403671,0.2995412844036698,0.4220183486238532,0.0642201834862385,0.3577981651376147,2.2234862385321104,1.944954128440367,94.1534715271073,487.0741590638905,470.1761150592948,-4.121286687439612,18.93201834862385,11.673394495412843,0.6048623853211008,-0.2891565171560041,2.9981651376146794,227.7242872848925,8.033334642339563,22.419143578428084,0.3053211009174312,885.9622018348624,23.470034616753352,1.0830594035701582,7.0500446998857,3.233853211009175,5.140109062194824,2,1,0,0.294,0.44,0.266,0.477,0.339,0.183,0.477,0.294,0.229,0.147,0.725,0.128,0.385,0.156,0.165,0.33,0.367,0.266,0.339,0.312,0.349,0.278,0.185,0.306,0.37,0.194,0.093,0.241,0.213,0.102,0.222,0.056,0.148,0.102,0.139,0.046,0.25,0.204,0.241,0.194,0.269,0.213,6.5,155.0
Q9ZQG8_FES,3,1,0,0,4,0,0,2,0,0,1,0,0,1,1,2,2,0,1,1,12,5,5,10,6,7,9,12,3,5,12,9,3,4,3,19,12,0,6,13,2206.5,-3.1869968342855994,12.910000000000002,119.4,4.720000000000001,5,4,3,36.75,34,659.3431888381486,9808.07214920156,7116.695151816451,-19.92387386208624,470.90899999999993,336.9,10.81,-8.77839177074517,211.446,3883.687359462572,161.5791385956093,417.861117778654,6.09,14075.325,558.2370719911899,16.496036530742767,108.11957066441168,74.99900000000001,19699.2,-49.75722708620008,47.78,931.0099999999998,43.2,87,9,42,318.07,336,-2855.7629324237587,74486.26768281312,69026.83820474571,-289.9982171678867,3216.304,2221.1,89.47999999999999,-32.94816235475178,412.232,34181.72696161297,1197.5278499526216,3398.4487857840145,46.28,121030.641,3775.19681776872,158.4110338458737,1012.9214832885058,538.8009999999998,116.13157894736842,-0.1677366754887157,0.6794736842105265,6.28421052631579,0.248421052631579,0.2631578947368421,0.2105263157894736,0.1578947368421052,1.9342105263157887,1.7894736842105263,34.70227309674467,516.2143236421874,374.5629027271816,-1.0486249401098018,24.78468421052631,17.73157894736842,0.5689473684210526,-0.4620206195129037,11.128736842105262,204.4045978664512,8.504165189242594,21.992690409402844,0.3205263157894736,740.8065789473685,29.380898525852096,0.8682124489864614,5.690503719179563,3.9473157894736848,127.0916129032258,-0.321014368298065,0.308258064516129,6.006516129032256,0.2787096774193548,0.5612903225806452,0.0580645161290322,0.2709677419354839,2.052064516129032,2.167741935483871,-18.424276983379087,480.5565656955685,445.3344400306175,-1.8709562397928168,20.75034838709677,14.329677419354836,0.577290322580645,-0.2125687893854953,2.6595612903225807,220.5272707200837,7.725986128726591,21.925476037316223,0.2985806451612903,780.8428451612904,24.35610850173368,1.0220066699733787,6.534977311538747,3.4761354838709666,5.63347864151001,2,0,0,0.419,0.387,0.194,0.413,0.29,0.297,0.387,0.297,0.316,0.09,0.787,0.123,0.316,0.155,0.11,0.439,0.329,0.194,0.29,0.432,0.277,0.325,0.156,0.182,0.247,0.214,0.156,0.253,0.247,0.182,0.156,0.013,0.169,0.097,0.091,0.026,0.273,0.169,0.156,0.234,0.169,0.234,7.5,-337.0
P55907_F3S,4,0,0,3,4,0,0,1,0,3,1,1,0,1,1,1,0,0,0,4,8,2,6,7,7,3,4,9,4,7,2,5,2,3,11,3,3,1,3,14,2968.8,-8.125653925418998,18.55,141.16000000000005,6.56,7,4,1,55.65,30,-1580.784598482186,11832.566441020854,9232.014246566405,-119.74285386077617,525.7979999999999,336.0,14.760000000000002,-7.524914551382537,183.48999999999995,4880.83243597125,218.74364256386343,454.1003460100666,8.2,17702.705,585.6933555687234,22.11299475175948,157.0448726749296,84.901,13278.499999999998,-28.57827712793882,49.22,637.92,26.94,40,9,29,234.27,179,-4060.271913098455,55395.56828817897,44166.520427511496,-327.4196450939013,1792.0139999999997,1293.9999999999998,60.08,-16.835088004597488,311.508,23217.536881448366,979.745756696291,2234.984573198504,33.14,82695.65999999999,2871.341858906631,94.84474834599088,695.8643112046369,301.819,123.69999999999996,-0.3385689135591249,0.7729166666666667,5.881666666666668,0.2733333333333333,0.2916666666666667,0.1666666666666666,0.0416666666666666,2.31875,1.25,-65.86602493675774,493.02360170920224,384.6672602736001,-4.98928557753234,21.908249999999995,14.0,0.6150000000000001,-0.3135381063076057,7.645416666666665,203.36801816546875,9.114318440160975,18.92084775041944,0.3416666666666666,737.6127083333334,24.40388981536348,0.9213747813233114,6.543536361455399,3.5375416666666664,127.6778846153846,-0.2747911262301809,0.4732692307692308,6.133846153846154,0.2590384615384615,0.3846153846153846,0.0865384615384615,0.2788461538461538,2.252596153846154,1.7211538461538465,-39.041076087485145,532.649695078644,424.6780810337644,-3.14826581821059,17.230903846153844,12.44230769230769,0.5776923076923077,-0.1618758461980527,2.995269230769231,223.24554693700352,9.420632275925875,21.490236280754843,0.3186538461538462,795.1505769230769,27.60905633564068,0.911968734096066,6.691002992352278,2.902105769230769,5.023334503173828,3,0,0,0.288,0.519,0.192,0.49,0.26,0.25,0.288,0.365,0.346,0.067,0.827,0.106,0.375,0.231,0.106,0.394,0.346,0.192,0.26,0.394,0.346,0.291,0.117,0.184,0.262,0.243,0.146,0.184,0.194,0.301,0.107,0.01,0.204,0.165,0.049,0.068,0.252,0.146,0.136,0.214,0.194,0.243,6.8,-280.0
P55907_SF4,3,0,1,0,5,0,1,0,0,1,0,0,1,2,1,0,0,0,0,5,8,2,6,7,7,3,4,9,4,7,2,5,2,3,11,3,3,1,3,14,2582.9,-7.537315242126594,20.82,119.68,5.5,3,6,1,49.29,24,-3465.567048200899,10406.757303011176,7295.5295337660355,-117.61990003143264,477.548,253.7,12.990000000000002,-9.19702532424982,258.996,4003.64951116828,200.78731570000943,344.02197482875766,7.49,15311.354,505.561147841953,17.076546072898505,130.41278281881506,66.16499999999999,13278.499999999998,-28.57827712793882,49.22,637.92,26.94,40,9,29,234.27,179,-4060.271913098455,55395.56828817897,44166.520427511496,-327.4196450939013,1792.0139999999997,1293.9999999999998,60.08,-16.835088004597488,311.508,23217.536881448366,979.745756696291,2234.984573198504,33.14,82695.65999999999,2871.341858906631,94.84474834599088,695.8643112046369,301.819,129.145,-0.3768657621063297,1.041,5.984,0.275,0.15,0.3,0.05,2.4645,1.2,-173.27835241004496,520.3378651505589,364.7764766883018,-5.880995001571632,23.8774,12.685,0.6495000000000001,-0.459851266212491,12.9498,200.182475558414,10.039365785000474,17.20109874143788,0.3745,765.5677000000001,25.27805739209765,0.8538273036449253,6.520639140940753,3.30825,127.6778846153846,-0.2747911262301809,0.4732692307692308,6.133846153846154,0.2590384615384615,0.3846153846153846,0.0865384615384615,0.2788461538461538,2.252596153846154,1.7211538461538465,-39.041076087485145,532.649695078644,424.6780810337644,-3.14826581821059,17.230903846153844,12.44230769230769,0.5776923076923077,-0.1618758461980527,2.995269230769231,223.24554693700352,9.420632275925875,21.490236280754843,0.3186538461538462,795.1505769230769,27.60905633564068,0.911968734096066,6.691002992352278,2.902105769230769,5.358756065368652,4,0,0,0.288,0.519,0.192,0.49,0.26,0.25,0.288,0.365,0.346,0.067,0.827,0.106,0.375,0.231,0.106,0.394,0.346,0.192,0.26,0.394,0.346,0.291,0.117,0.184,0.262,0.243,0.146,0.184,0.194,0.301,0.107,0.01,0.204,0.165,0.049,0.068,0.252,0.146,0.136,0.214,0.194,0.243,6.8,-539.0
O85673_FES,3,1,0,0,2,0,1,1,2,0,1,0,0,1,1,0,2,1,0,0,23,29,25,32,7,27,33,38,13,19,35,22,12,27,16,29,23,10,16,35,2090.4,-4.134831867395732,9.6,101.96,4.61,4,2,8,34.73,30,220.10839343929777,8062.588974478681,7015.898403848971,-33.420483117314056,337.093,208.8,9.5,-5.897991928259046,130.104,3511.593615472277,138.1967004536858,359.73777283091863,4.89,13516.396,417.78519146975054,16.77265839900227,110.4725157448829,55.929,64082.00000000001,-194.353279474124,155.52,2870.100000000001,134.98,250,19,197,1010.77,1063,36047.41640387964,234188.45807353983,224828.3722745215,-1474.086346374835,8697.163,5954.4000000000015,274.76,-116.01083998306078,806.4019999999999,109782.29798317255,3691.474531678618,10573.294488283327,139.78,399742.8500000001,11333.13032052542,495.2876559058145,3239.22952008869,1476.606,130.65,-0.2584269917122332,0.6,6.3725000000000005,0.288125,0.25,0.125,0.5,2.170625,1.875,13.75677458995611,503.9118109049176,438.4936502405607,-2.0887801948321285,21.0683125,13.05,0.59375,-0.3686244955161903,8.1315,219.47460096701727,8.637293778355362,22.48361080193241,0.305625,844.77475,26.11157446685941,1.048291149937642,6.904532234055181,3.4955625,136.05520169851383,-0.4126396591807303,0.3301910828025478,6.09363057324841,0.2865817409766454,0.5307855626326964,0.0403397027600849,0.4182590233545648,2.146008492569002,2.256900212314225,76.53379278955337,497.21540992258986,477.3426162941009,-3.1296950029189703,18.46531422505308,12.642038216560511,0.5833545647558386,-0.2463075158876025,1.7121061571125264,233.0834352084344,7.837525544965218,22.448608255378616,0.2967728237791932,848.7109341825904,24.06184781427902,1.0515661484199883,6.877345053266858,3.135044585987261,4.229824542999268,2,0,0,0.308,0.418,0.274,0.412,0.357,0.231,0.412,0.291,0.297,0.108,0.754,0.138,0.342,0.214,0.136,0.342,0.369,0.274,0.357,0.335,0.308,0.262,0.185,0.247,0.343,0.187,0.155,0.238,0.266,0.16,0.185,0.019,0.228,0.151,0.094,0.06,0.253,0.204,0.219,0.26,0.238,0.2,7.0,-86.0
O52681_V128R_FES,4,1,0,1,4,0,0,3,0,0,2,0,0,0,1,0,1,0,0,0,12,6,6,5,4,3,18,12,0,13,14,15,6,4,7,5,8,0,9,12,1815.4,-1.9911607550991817,10.0,106.22,4.48,3,4,3,27.020000000000003,26,2632.3962635580747,7984.392458521869,6779.96060978628,-30.86247206742418,397.321,344.70000000000005,9.260000000000002,-4.691034733025722,193.206,3388.343545553742,114.98661926309,421.8453865684519,4.78,11636.022,499.2612152553333,17.734699718220675,89.86844751063634,79.229,21773.5,-65.87045771534825,61.28,976.39,47.31,77,10,42,351.76,302,6507.915821640421,78256.96435782142,75060.58187339823,-476.222639117122,2767.73,1852.4000000000003,95.77,-47.08456405849088,473.054,36262.13837678653,1275.1288680742205,3515.2315784445177,48.46000000000001,136457.083,3793.984230566046,172.26371080033104,1094.4145206279557,489.0290000000001,106.78823529411764,-0.1171271032411283,0.5882352941176471,6.248235294117647,0.2635294117647059,0.1764705882352941,0.2352941176470588,0.1764705882352941,1.5894117647058823,1.5294117647058822,154.84683903282792,469.6701446189335,398.8212123403694,-1.8154395333778928,23.371823529411763,20.2764705882353,0.5447058823529413,-0.2759432195897484,11.365058823529411,199.31432620904368,6.763918780181764,24.814434504026583,0.2811764705882353,684.4718823529412,29.368306779725486,1.0432176304835692,5.28637926533155,4.660529411764706,136.94025157232704,-0.4142796082726305,0.3854088050314465,6.140817610062892,0.2975471698113208,0.4842767295597484,0.0628930817610062,0.2641509433962264,2.212327044025157,1.89937106918239,40.93028818641774,492.18216577246176,472.07913127923416,-2.9951109378435348,17.40710691823899,11.650314465408806,0.6023270440251572,-0.2961293337012005,2.975182389937107,228.063763376016,8.019678415561135,22.108374707198223,0.3047798742138365,858.2206477987422,23.861536041295885,1.0834195647819562,6.883110192628652,3.075654088050315,5.181579113006592,2,0,0,0.264,0.484,0.252,0.447,0.333,0.22,0.465,0.314,0.22,0.132,0.723,0.145,0.39,0.214,0.132,0.308,0.415,0.252,0.333,0.333,0.333,0.259,0.108,0.241,0.304,0.272,0.101,0.329,0.196,0.146,0.165,0.063,0.165,0.146,0.12,0.076,0.222,0.127,0.215,0.165,0.241,0.215,7.0,-328.0
O52681_V128E_FES,4,0,0,1,4,0,1,3,0,0,2,0,0,0,1,0,1,0,0,0,12,5,6,5,4,3,19,12,0,13,14,15,6,4,7,5,8,0,9,12,1780.4,-3.2641620271629224,10.37,98.57,4.54,5,4,0,26.24,23,-870.7368675663245,7832.249601379012,6745.4082288339,-40.99474854257462,399.193,348.20000000000005,9.28,-3.8573874855994,192.668,3323.763790154315,112.2009049773757,393.5996722827376,4.74,10201.362,476.7850247791428,18.29469971822068,87.93701893920777,80.97500000000001,21738.5,-67.14345898741199,61.65,968.7399999999998,47.37,79,10,39,350.98,299,3004.782690516022,78104.82150067856,75026.02949244584,-486.3549155922725,2769.6019999999994,1855.9000000000003,95.79,-46.25091681106456,472.516,36197.5586213871,1272.3431537885062,3486.985864158803,48.42000000000001,135022.423,3771.508040089855,172.82371080033104,1092.4830920565273,490.7750000000001,104.72941176470589,-0.1920095310095836,0.6100000000000001,5.798235294117647,0.2670588235294118,0.2941176470588235,0.2352941176470588,0.0,1.543529411764706,1.3529411764705883,-51.21981573919555,460.7205647870008,396.78871934317056,-2.4114557966220365,23.48194117647059,20.482352941176472,0.5458823529411765,-0.2269051462117294,11.333411764705884,195.51551706790087,6.600053233963276,23.15292189898456,0.2788235294117647,600.0801176470588,28.046177928184868,1.0761588069541574,5.172765819953399,4.763235294117648,136.72012578616352,-0.4222859055812075,0.3877358490566037,6.0927044025157215,0.2979245283018867,0.4968553459119497,0.0628930817610062,0.2452830188679245,2.2074213836477985,1.880503144654088,18.898004342868063,491.22529245709785,471.86182070720656,-3.0588359471212105,17.41888050314465,11.67232704402516,0.6024528301886792,-0.2908862692519783,2.9717987421383647,227.6576013923717,8.002158199927711,21.930728705401275,0.3045283018867925,849.1976289308177,23.720176352766384,1.0869415773605726,6.870962843122813,3.0866352201257867,5.042765140533447,2,0,0,0.264,0.491,0.245,0.447,0.333,0.22,0.465,0.314,0.22,0.126,0.723,0.151,0.39,0.22,0.126,0.308,0.421,0.245,0.333,0.333,0.333,0.259,0.108,0.241,0.304,0.272,0.101,0.329,0.196,0.146,0.152,0.063,0.177,0.152,0.114,0.07,0.228,0.12,0.222,0.165,0.241,0.215,7.0,-399.0
P0A3C9_FES,3,1,0,0,4,1,0,1,0,0,1,0,0,2,1,2,2,0,0,1,6,3,1,11,5,5,11,6,0,4,10,4,1,3,4,6,7,0,4,7,2286.5,-2.4974060795124178,13.52,118.99,5.0,5,4,4,38.31,36,107.1780481994598,9603.808901338312,7318.770205303826,-31.036120208764416,482.141,305.1,11.160000000000002,-7.615981063585839,216.17,3890.713579786768,163.9524719289426,401.11062569478577,6.159999999999999,14503.945000000002,523.4992087433267,17.24908745072565,114.92568106235775,72.90100000000001,12825.2,-48.287784874732544,33.0,550.8799999999999,28.35,67,6,19,206.3,217,-4679.6951978317975,47396.58615934003,45618.48888729254,-497.7624355301671,1991.446,1284.3000000000002,57.48000000000001,-15.90983902655951,265.938,21914.45800193308,776.5155228632163,1986.6395999194888,29.13,73521.26400000002,2209.4906329864384,106.19283817785278,670.102149247323,329.34400000000005,120.34210526315788,-0.1314424252374956,0.7115789473684211,6.262631578947369,0.2631578947368421,0.2631578947368421,0.2105263157894736,0.2105263157894736,2.0163157894736843,1.894736842105263,5.640949905234726,505.46362638622696,385.19843185809606,-1.6334800109876009,25.37584210526316,16.057894736842105,0.5873684210526317,-0.400841108609781,11.377368421052632,204.77439893614567,8.629077469944347,21.11108556288346,0.3242105263157894,763.3655263157896,27.5525899338593,0.907846707932929,6.048720055913567,3.836894736842106,130.86938775510205,-0.4927324987217606,0.336734693877551,5.621224489795917,0.2892857142857142,0.6836734693877551,0.0612244897959183,0.1938775510204081,2.105102040816327,2.2142857142857144,-47.75199181461018,483.6386342789799,465.4947845642096,-5.079208525818032,20.32087755102041,13.105102040816329,0.5865306122448981,-0.1623452961893827,2.71365306122449,223.61691838707225,7.923627784318534,20.271832652239684,0.2972448979591837,750.216979591837,22.5458227855759,1.0836003895699262,6.837777033135949,3.3606530612244905,4.495858669281006,2,0,0,0.367,0.48,0.153,0.418,0.357,0.224,0.408,0.306,0.286,0.071,0.704,0.224,0.347,0.214,0.071,0.408,0.388,0.153,0.357,0.337,0.306,0.392,0.103,0.165,0.289,0.206,0.144,0.268,0.278,0.155,0.134,0.01,0.299,0.103,0.072,0.031,0.34,0.144,0.103,0.227,0.206,0.237,7.5,-372.0
Q9X1D7_FES,0,0,1,0,5,1,0,3,1,0,1,0,1,1,0,3,0,0,0,1,1,5,4,1,5,4,6,7,1,3,7,6,2,4,1,6,1,0,3,8,2060.4000000000005,-4.252572993093136,12.830000000000002,110.36,4.02,5,6,4,30.480000000000004,37,-1982.5199277076267,9430.923359177228,6915.500753885197,-23.53013207480837,469.2379999999999,383.6,9.63,-8.378009344961143,228.024,3839.7142460219584,130.95310731580108,402.3145378164048,5.609999999999999,12652.266,559.2749655057705,13.896631937612732,90.02570081207472,71.858,10272.7,-29.09986317345306,29.56,478.09,21.26,32,7,31,158.66000000000005,169,10686.137324705443,37577.475477721455,35279.53163893042,-171.6062090479145,1382.3579999999995,984.7999999999998,44.31,-27.53415662506946,322.814,17374.08554186137,568.856628993928,1731.1096457103615,23.05,66980.709,1906.757855369318,75.83339575214711,490.363259179551,226.617,114.4666666666667,-0.2362540551718409,0.7127777777777778,6.131111111111111,0.2233333333333333,0.2777777777777778,0.3333333333333333,0.2222222222222222,1.6933333333333336,2.055555555555556,-110.13999598375705,523.9401866209571,384.19448632695537,-1.3072295597115766,26.06877777777777,21.31111111111112,0.535,-0.4654449636089524,12.668,213.31745811233105,7.275172628655615,22.35080765646693,0.3116666666666666,702.9036666666666,31.07083141698725,0.7720351076451518,5.00142782289304,3.992111111111112,136.9693333333333,-0.3879981756460408,0.3941333333333334,6.374533333333334,0.2834666666666666,0.4266666666666667,0.0933333333333333,0.4133333333333333,2.115466666666667,2.2533333333333334,142.48183099607257,501.0330063696194,470.3937551857389,-2.2880827873055267,18.431439999999995,13.130666666666665,0.5907999999999999,-0.3671220883342594,4.304186666666666,231.6544738914849,7.584755053252373,23.08146194280482,0.3073333333333333,893.0761200000001,25.42343807159091,1.0111119433619615,6.53817678906068,3.0215600000000005,5.190359592437744,2,0,0,0.213,0.507,0.28,0.467,0.347,0.187,0.427,0.32,0.253,0.147,0.76,0.093,0.427,0.2,0.16,0.227,0.427,0.28,0.347,0.267,0.387,0.176,0.108,0.284,0.405,0.203,0.081,0.297,0.149,0.162,0.216,0.0,0.162,0.162,0.189,0.014,0.149,0.108,0.243,0.189,0.297,0.149,6.5,233.0
O52681_V128G_FES,4,0,0,1,4,0,0,4,0,0,2,0,0,0,1,0,1,0,0,0,12,5,6,5,4,3,18,13,0,13,14,15,6,4,7,5,8,0,9,12,1702.1,-1.5146833766752246,11.01,101.54999999999998,4.25,3,4,0,24.68,19,-643.5602927159605,7965.033484162894,6487.027276452947,-10.520207536699926,386.557,379.1,8.930000000000001,-4.639370685353867,197.852,3318.724107614632,108.48661926309,419.3520532351186,4.680000000000001,10138.513,516.1201896143076,17.161366384887344,80.50844751063636,82.643,21660.2,-65.39398033692429,62.29,971.7199999999998,47.08,77,10,39,349.42,295,3231.959265366389,78237.60538346245,74767.6485400649,-455.88037458639775,2756.9659999999994,1886.8000000000004,95.44,-47.03290001081902,477.7,36192.51893884742,1268.6288680742205,3512.7382451111844,48.36000000000001,134959.574,3810.843204925021,171.6903774669977,1085.0545206279558,492.4430000000001,100.12352941176472,-0.0890990221573661,0.6476470588235294,5.973529411764705,0.25,0.1764705882352941,0.2352941176470588,0.0,1.4517647058823528,1.1176470588235294,-37.85648780682121,468.5313814213467,381.58983979134985,-0.6188357374529369,22.738647058823528,22.3,0.5252941176470589,-0.2729041579619922,11.638352941176471,195.2190651538019,6.381565839005294,24.66776783735992,0.2752941176470588,596.3831176470588,30.3600111537828,1.0094921402874908,4.735791030037433,4.86135294117647,136.22767295597484,-0.4112828952007816,0.3917610062893081,6.111446540880502,0.2961006289308176,0.4842767295597484,0.0628930817610062,0.2452830188679245,2.197610062893081,1.8553459119496856,20.32678783249301,492.06041121674497,470.2367832708484,-2.8671721672100485,17.339408805031443,11.866666666666667,0.6002515723270441,-0.2958044025837674,3.0044025157232706,227.62590527576992,7.978797912416481,22.092693365479143,0.3041509433962264,848.8023522012578,23.967567326572457,1.0798136947609918,6.824242268100351,3.0971257861635224,5.146583557128906,2,0,0,0.27,0.484,0.245,0.453,0.327,0.22,0.459,0.314,0.226,0.126,0.73,0.145,0.39,0.214,0.126,0.314,0.415,0.245,0.327,0.34,0.333,0.266,0.114,0.234,0.304,0.285,0.089,0.329,0.196,0.146,0.152,0.063,0.165,0.146,0.114,0.07,0.222,0.127,0.215,0.158,0.234,0.222,7.0,-334.0
O52681_V128P_FES,4,0,0,1,4,0,0,3,0,0,2,0,0,0,2,0,1,0,0,0,12,5,6,5,4,3,18,12,0,13,14,15,6,4,8,5,8,0,9,12,1754.6999999999998,-0.989311707146253,11.73,102.28,4.25,3,4,0,27.35,19,-650.4385111436163,8369.648868778278,6417.831198021576,-30.9924735136421,386.824,340.2,9.12,-3.881209554665646,197.924,3343.868484514328,129.02508080155147,398.8853865684519,4.87,10540.066,521.7355742296922,16.677052659397148,88.36138868710694,77.58599999999998,21712.8,-64.86860866739532,63.01,972.4499999999998,47.08,77,10,39,352.09,295,3225.081046938729,78642.22076807782,74698.45246163353,-476.3526405633399,2757.233,1847.9000000000003,95.63,-46.2747388801308,477.772,36217.66331574712,1289.167329612682,3492.2715784445177,48.55,135361.127,3816.458589540404,171.2060637415075,1092.9074618044265,487.38600000000014,103.21764705882352,-0.0581948063027207,0.69,6.016470588235293,0.25,0.1764705882352941,0.2352941176470588,0.0,1.6088235294117648,1.1176470588235294,-38.26108889080096,492.3322863987223,377.5194822365633,-1.8230866772730647,22.754352941176467,20.01176470588236,0.536470588235294,-0.2283064443920968,11.642588235294118,196.69814614790164,7.58971063538538,23.463846268732464,0.2864705882352941,620.0038823529412,30.69032789586425,0.981003097611597,5.197728746300408,4.563882352941175,136.55849056603773,-0.4079786708641215,0.3962893081761006,6.116037735849056,0.2961006289308176,0.4842767295597484,0.0628930817610062,0.2452830188679245,2.21440251572327,1.8553459119496856,20.28352859709892,494.6051620633825,469.8015878090159,-2.995928557002137,17.34108805031446,11.622012578616356,0.6014465408805032,-0.2910360935857283,3.00485534591195,227.7840460109881,8.107970626494854,21.963972191474955,0.3053459119496856,851.3278427672957,24.00288421094594,1.0767676964874686,6.8736318352479655,3.065320754716982,5.104732513427734,2,0,0,0.264,0.491,0.245,0.447,0.327,0.226,0.459,0.314,0.226,0.126,0.73,0.145,0.39,0.22,0.126,0.314,0.415,0.245,0.327,0.34,0.333,0.259,0.108,0.241,0.304,0.272,0.089,0.329,0.196,0.146,0.152,0.063,0.165,0.152,0.114,0.07,0.222,0.127,0.215,0.158,0.234,0.222,7.0,-378.0
P18187_SF4_proximal,0,1,1,1,4,0,0,1,2,0,2,1,0,2,3,0,0,0,1,2,36,8,13,14,12,9,20,32,8,15,21,20,8,13,23,11,16,4,9,22,2892.6,-8.198890632814788,15.589999999999998,138.57,5.05,4,4,9,49.84,40,1200.6844263859437,12679.416746271156,8985.710406710603,-142.01016943961167,428.547,245.7,12.169999999999998,-9.33358295344498,195.876,4998.656526048499,223.6631256733464,445.2170703007428,7.120000000000001,19342.888000000003,649.8967662321339,16.108866029859193,146.72686199233215,52.525,40435.9,-83.66436272327462,130.01,1929.02,88.27999999999999,126,20,86,654.8000000000001,534,1292.8167820493509,156321.5375066626,141268.38905967053,-572.5127095965921,5541.602,4164.2,181.76,-67.48553817513579,1024.36,70146.04891769076,2541.43540606166,7146.476739662049,93.48,252675.849,8119.12225307487,326.56584761324933,2059.1222711054074,1043.237,137.74285714285713,-0.3904233634673708,0.7423809523809523,6.598571428571428,0.2404761904761904,0.1904761904761904,0.1904761904761904,0.4285714285714285,2.373333333333333,1.9047619047619049,57.17544887552113,603.781749822436,427.890971748124,-6.762389020933889,20.407,11.7,0.5795238095238094,-0.4444563311164276,9.32742857142857,238.0312631451666,10.650625032064111,21.200812871463945,0.3390476190476191,921.0899047619048,30.947465058673043,0.7670888585647235,6.986993428206293,2.501190476190476,128.77675159235667,-0.2664470150422758,0.4140445859872611,6.143375796178344,0.2811464968152866,0.4012738853503185,0.0636942675159235,0.2738853503184713,2.085350318471338,1.7006369426751593,4.117250898246341,497.8392914224924,449.8993282155112,-1.82328888406558,17.648414012738854,13.261783439490443,0.5788535031847134,-0.2149220960991585,3.262292993630574,223.3950602474228,8.09374333140656,22.759480062618,0.2977070063694267,804.7001560509555,25.857077239091943,1.0400186229721315,6.557714239189195,3.322410828025478,9.194530487060549,4,0,0,0.347,0.43,0.223,0.494,0.268,0.239,0.414,0.29,0.296,0.089,0.803,0.108,0.331,0.207,0.115,0.42,0.318,0.223,0.268,0.43,0.303,0.326,0.169,0.185,0.278,0.236,0.137,0.208,0.236,0.201,0.141,0.013,0.185,0.137,0.054,0.048,0.291,0.217,0.128,0.272,0.144,0.288,8.0,-340.0
P18187_F3S_intermediate,0,0,2,0,4,0,0,3,0,0,1,1,0,0,5,1,1,1,1,2,36,8,13,14,12,9,20,32,8,15,21,20,8,13,23,11,16,4,9,22,2647.8,-1.7014727439676518,15.14,141.61999999999998,4.37,5,4,4,45.94,35,-1954.889471634941,13836.626382005792,8343.710422361253,-54.04576551477122,397.3029999999999,324.3,11.63,-6.921445662984889,169.02,5004.4369481319,242.07974400871456,487.5396799284291,7.260000000000002,17153.135,800.7900761629438,14.293962625064651,129.32171060255877,57.709,40435.9,-83.66436272327462,130.01,1929.02,88.27999999999999,126,20,86,654.8000000000001,534,1292.8167820493509,156321.5375066626,141268.38905967053,-572.5127095965921,5541.602,4164.2,181.76,-67.48553817513579,1024.36,70146.04891769076,2541.43540606166,7146.476739662049,93.48,252675.849,8119.12225307487,326.56584761324933,2059.1222711054074,1043.237,120.35454545454544,-0.0773396701803478,0.6881818181818181,6.437272727272727,0.1986363636363636,0.2272727272727272,0.1818181818181818,0.1818181818181818,2.088181818181818,1.5909090909090908,-88.85861234704277,628.9375628184451,379.25956465278426,-2.4566257052168736,18.059227272727263,14.740909090909092,0.5286363636363636,-0.3146111664993131,7.6827272727272735,227.47440673326813,11.003624727668845,22.160894542201323,0.33,779.6879545454544,36.39954891649744,0.6497255738665751,5.8782595728435805,2.623136363636364,128.77675159235667,-0.2664470150422758,0.4140445859872611,6.143375796178344,0.2811464968152866,0.4012738853503185,0.0636942675159235,0.2738853503184713,2.085350318471338,1.7006369426751593,4.117250898246341,497.8392914224924,449.8993282155112,-1.82328888406558,17.648414012738854,13.261783439490443,0.5788535031847134,-0.2149220960991585,3.262292993630574,223.3950602474228,8.09374333140656,22.759480062618,0.2977070063694267,804.7001560509555,25.857077239091943,1.0400186229721315,6.557714239189195,3.322410828025478,17.482154846191406,3,0,0,0.347,0.43,0.223,0.494,0.268,0.239,0.414,0.29,0.296,0.089,0.803,0.108,0.331,0.207,0.115,0.42,0.318,0.223,0.268,0.43,0.303,0.326,0.169,0.185,0.278,0.236,0.137,0.208,0.236,0.201,0.141,0.013,0.185,0.137,0.054,0.048,0.291,0.217,0.128,0.272,0.144,0.288,8.0,65.0
P18187_SF4_distal,1,0,0,0,4,0,2,5,0,1,0,0,0,0,3,1,3,0,0,1,36,8,13,14,12,9,20,32,8,15,21,20,8,13,23,11,16,4,9,22,2182.0,0.2915786438791631,11.11,123.0,4.380000000000001,8,4,0,37.75,32,-4315.541708211569,11513.005482534894,7701.110185820528,29.13116424694161,379.5,392.8,10.74,-1.8033090129821885,164.80800000000002,4319.471112811752,191.13360746007808,473.0100876971506,6.36,12583.121,719.9879144820324,16.646988487865983,107.97895491883573,70.18299999999999,40435.9,-83.66436272327462,130.01,1929.02,88.27999999999999,126,20,86,654.8000000000001,534,1292.8167820493509,156321.5375066626,141268.38905967053,-572.5127095965921,5541.602,4164.2,181.76,-67.48553817513579,1024.36,70146.04891769076,2541.43540606166,7146.476739662049,93.48,252675.849,8119.12225307487,326.56584761324933,2059.1222711054074,1043.237,103.9047619047619,0.0138846973275791,0.529047619047619,5.857142857142857,0.2085714285714286,0.3809523809523809,0.1904761904761904,0.0,1.7976190476190477,1.5238095238095235,-205.5019861053128,548.2383563111855,366.7195326581204,1.3871982974734098,18.071428571428573,18.704761904761902,0.5114285714285715,-0.0858718577610565,7.848000000000001,205.6891006100834,9.101600355241814,22.524289890340505,0.3028571428571429,599.1962380952381,34.28513878485868,0.7927137375174278,5.1418549961350335,3.3420476190476185,128.77675159235667,-0.2664470150422758,0.4140445859872611,6.143375796178344,0.2811464968152866,0.4012738853503185,0.0636942675159235,0.2738853503184713,2.085350318471338,1.7006369426751593,4.117250898246341,497.8392914224924,449.8993282155112,-1.82328888406558,17.648414012738854,13.261783439490443,0.5788535031847134,-0.2149220960991585,3.262292993630574,223.3950602474228,8.09374333140656,22.759480062618,0.2977070063694267,804.7001560509555,25.857077239091943,1.0400186229721315,6.557714239189195,3.322410828025478,17.249351501464844,4,0,0,0.347,0.43,0.223,0.494,0.268,0.239,0.414,0.29,0.296,0.089,0.803,0.108,0.331,0.207,0.115,0.42,0.318,0.223,0.268,0.43,0.303,0.326,0.169,0.185,0.278,0.236,0.137,0.208,0.236,0.201,0.141,0.013,0.185,0.137,0.054,0.048,0.291,0.217,0.128,0.272,0.144,0.288,8.0,-340.0
P04169_SF4,2,0,1,0,1,1,0,0,0,0,0,0,0,1,1,0,0,1,1,1,7,2,3,11,4,4,5,7,4,0,4,1,0,3,4,1,2,3,4,7,1407.6,-5.117459489857065,8.28,60.83,2.85,3,1,3,22.92,17,-808.2622866702161,5507.634429241783,4260.403082973538,-55.74522420340685,201.725,110.29999999999998,6.23,-6.400245977371036,69.258,2265.204529671826,94.18168788455556,196.00910540595183,3.38,8462.869999999999,247.8967313677608,9.555861406946397,66.85340327634299,32.381,9881.0,-41.61536568722587,26.15,430.82,21.020000000000003,46,4,25,155.32,164,-2002.3744472774783,38279.4012904307,35331.32439741858,-452.4347539866234,1453.9,1053.1,43.27,-13.19509265867786,139.516,17416.112638205275,601.1518329383036,1609.5732400894965,22.25,56918.331000000006,1817.4433382712064,79.93955829241327,507.32614035846046,259.00199999999995,140.76,-0.5117459489857066,0.828,6.083,0.285,0.3,0.1,0.3,2.2920000000000003,1.7,-80.82622866702161,550.7634429241782,426.0403082973538,-5.574522420340685,20.1725,11.029999999999998,0.623,-0.6400245977371035,6.9258,226.52045296718265,9.418168788455556,19.600910540595184,0.3379999999999999,846.2869999999999,24.78967313677608,0.9555861406946397,6.685340327634298,3.2381,130.01315789473685,-0.5475706011477088,0.344078947368421,5.668684210526315,0.2765789473684211,0.6052631578947368,0.0526315789473684,0.3289473684210526,2.043684210526316,2.1578947368421053,-26.347032201019456,503.676332768825,464.88584733445504,-5.953088868245045,19.13026315789473,13.85657894736842,0.5693421052631579,-0.1736196402457613,1.8357368421052631,229.15937681849047,7.90989253866189,21.17859526433548,0.2927631578947368,748.925407894737,23.91372813514745,1.0518362933212273,6.675343952085006,3.407921052631578,2.2308037281036377,4,0,1,0.368,0.408,0.224,0.461,0.342,0.197,0.355,0.303,0.342,0.039,0.75,0.211,0.329,0.211,0.092,0.421,0.303,0.224,0.342,0.382,0.276,0.267,0.24,0.16,0.373,0.213,0.16,0.16,0.28,0.24,0.08,0.0,0.347,0.16,0.027,0.04,0.227,0.267,0.107,0.32,0.213,0.187,7.0,50.0
P10109_FES,2,0,0,0,4,1,1,3,1,0,3,0,1,1,0,1,2,0,0,0,20,14,6,15,5,2,10,20,5,8,19,6,4,3,3,18,12,1,2,11,2401.0,-6.042988799447004,14.650000000000002,118.66,5.43,6,5,3,36.18000000000001,33,-4142.331073255869,9552.850865222385,8360.767945102854,-35.94501086813093,493.6539999999999,371.7,11.37,-9.097565827684706,245.56,4208.204643282562,138.17842034699635,442.1139428454816,5.94,14186.363,532.338182245458,19.88283011195933,113.69097855697385,83.53999999999999,22954.9,-48.36130042296728,51.620000000000005,1126.28,52.62000000000001,90,9,67,364.18,383,27669.64272680758,84807.91116576636,84168.02779476189,-220.3053551212442,3699.971,2810.7000000000003,104.73,-29.02860151193237,409.722,40449.58243327805,1310.120557270817,4344.794603715494,52.110000000000014,145102.205,4498.3490227643015,200.4584503537707,1205.126660526936,688.871,120.05,-0.3021494399723502,0.7325000000000002,5.933,0.2714999999999999,0.3,0.25,0.15,1.8090000000000004,1.65,-207.11655366279348,477.6425432611192,418.03839725514274,-1.7972505434065464,24.6827,18.585,0.5685,-0.4548782913842353,12.278,210.4102321641281,6.908921017349817,22.10569714227408,0.297,709.31815,26.6169091122729,0.9941415055979664,5.6845489278486925,4.177,124.75489130434784,-0.2628331544726482,0.2805434782608696,6.121086956521739,0.2859782608695653,0.4891304347826087,0.0489130434782608,0.3641304347826087,1.9792391304347825,2.0815217391304346,150.37849308047598,460.9125606835128,457.43493366718417,-1.1973117126154575,20.108538043478266,15.275543478260872,0.5691847826086956,-0.1577641386518063,2.22675,219.83468713738068,7.120220419950092,23.613014150627688,0.2832065217391305,788.5989402173913,24.447549036762503,1.089448099748754,6.549601415907261,3.7438641304347824,16.615535736083984,2,0,0,0.462,0.348,0.19,0.473,0.288,0.239,0.435,0.228,0.337,0.109,0.755,0.136,0.288,0.114,0.136,0.478,0.304,0.19,0.288,0.435,0.277,0.322,0.197,0.148,0.268,0.246,0.126,0.197,0.333,0.12,0.197,0.022,0.208,0.055,0.087,0.027,0.284,0.197,0.142,0.23,0.164,0.246,7.0,-448.0
P04168_SF4,3,0,1,0,4,0,1,1,2,0,1,0,0,2,0,1,1,2,2,2,10,3,2,6,4,3,8,7,4,0,2,1,0,2,4,3,1,3,3,5,3193.2,-14.287679783093733,20.47,138.71,6.319999999999999,7,4,7,52.510000000000005,41,-3752.929572222514,12356.658046637458,9592.026224607336,-118.00424700328688,547.232,320.7,14.18,-17.877245569957104,239.884,5150.953573750327,202.2586797026505,443.4364279683927,7.860000000000001,19173.759,570.5660931552111,20.738003043570327,150.1291074439969,78.566,8987.0,-29.442282932577584,19.89,412.59,20.40000000000001,40,4,26,136.20999999999998,153,6223.28805651593,34255.55277598219,32980.75294409961,-236.5575619433397,1282.1219999999998,1006.6,40.55999999999999,-9.513740465162364,159.562,15782.658959360197,520.6293583758292,1583.2790147413614,20.16,52985.121000000014,1720.4752755931438,80.04111217231504,456.49841266716686,255.84200000000004,138.83478260869563,-0.6212034688301622,0.8900000000000001,6.030869565217392,0.2747826086956521,0.3043478260869565,0.1739130434782608,0.3043478260869565,2.2830434782608697,1.7826086956521738,-163.17085096619627,537.2460020277156,417.0446184611885,-5.130619434925516,23.79269565217391,13.943478260869565,0.6165217391304348,-0.7772715465198741,10.429739130434784,223.954503206536,8.793855639245674,19.279844694277944,0.3417391304347826,833.6416956521738,24.80722144153092,0.9016523062421882,6.527352497565083,3.415913043478261,126.5774647887324,-0.4146800413039096,0.2801408450704225,5.811126760563381,0.2873239436619719,0.5633802816901409,0.056338028169014,0.3661971830985915,1.918450704225352,2.1549295774647885,87.65194445797086,482.4725743096083,464.51764709999446,-3.331796647089292,18.05805633802817,14.177464788732395,0.5712676056338026,-0.1339963445797516,2.2473521126760567,222.2909712585943,7.332807864448298,22.29970443297692,0.2839436619718309,746.2693098591551,24.2320461351147,1.1273396080607752,6.429555107988266,3.603408450704226,6.543762683868408,4,0,1,0.38,0.394,0.225,0.465,0.324,0.211,0.437,0.254,0.31,0.056,0.746,0.197,0.268,0.239,0.113,0.437,0.282,0.225,0.324,0.451,0.225,0.271,0.257,0.143,0.357,0.214,0.114,0.214,0.343,0.157,0.114,0.0,0.329,0.1,0.043,0.057,0.2,0.314,0.057,0.329,0.143,0.171,7.0,110.0
P38524_SF4,2,0,1,0,4,0,0,1,0,0,3,0,0,1,1,2,2,2,2,3,10,3,2,5,4,4,5,4,2,0,6,1,1,1,4,6,3,3,3,4,3261.1,-11.81011361256553,24.31,144.66,6.229999999999999,7,4,3,56.61,37,-5151.679138191809,13286.537574516984,9359.716926591238,-105.58464847884296,589.665,336.5,14.760000000000002,-19.517048059767625,264.228,5267.539128065659,231.9403036342744,443.1353601984538,8.53,19552.164,633.5433825325003,19.069563832054907,154.6127957949555,78.66500000000002,9116.8,-26.383837761791213,27.52,418.91,20.71,38,5,23,141.6,151,3825.4163755037503,34127.911467582984,32273.127296310788,-230.322763916446,1462.7979999999998,983.3,41.49,-16.867008091652306,258.358,15616.416628404231,543.1345497731257,1535.0744975680518,20.78,54596.55900000001,1679.8704762015022,78.01989995398115,468.92487948224607,262.87600000000003,135.87916666666666,-0.4920880671902304,1.012916666666667,6.0275,0.2595833333333333,0.2916666666666667,0.1666666666666666,0.125,2.35875,1.5416666666666667,-214.65329742465872,553.605732271541,389.9882052746349,-4.399360353285124,24.569375,14.020833333333334,0.6150000000000001,-0.813210335823651,11.0095,219.48079700273576,9.664179318094764,18.46397334160224,0.3554166666666666,814.6734999999999,26.39764093885418,0.7945651596689545,6.442199824789813,3.2777083333333343,128.40563380281688,-0.3716033487576227,0.3876056338028168,5.900140845070422,0.2916901408450704,0.5352112676056338,0.0704225352112676,0.323943661971831,1.9943661971830984,2.126760563380281,53.87910388033451,480.6748094025773,454.5510886804336,-3.2439825903724784,20.60278873239436,13.849295774647889,0.5843661971830986,-0.237563494248624,3.6388450704225352,219.9495299775244,7.649782391170785,21.620767571381013,0.2926760563380282,768.96561971831,23.66014755213384,1.0988718303377627,6.604575767355579,3.702478873239437,6.0609941482543945,4,0,1,0.394,0.408,0.197,0.451,0.282,0.268,0.451,0.254,0.296,0.056,0.803,0.141,0.31,0.211,0.085,0.451,0.296,0.197,0.282,0.451,0.268,0.357,0.129,0.186,0.257,0.286,0.157,0.186,0.271,0.157,0.086,0.014,0.186,0.129,0.043,0.043,0.243,0.157,0.143,0.3,0.114,0.214,7.0,150.0
O52681_V128Q_FES,4,0,0,1,4,1,0,3,0,0,2,0,0,0,1,0,1,0,0,0,12,5,6,5,4,4,18,12,0,13,14,15,6,4,7,5,8,0,9,12,1785.8,-2.578420288560656,10.79,101.13,4.48,4,4,1,26.24,24,-1025.6959225457954,7902.170236299647,6661.56060978628,-34.95774414998359,397.78899999999993,347.3,9.260000000000002,-4.521427142930768,196.268,3339.818955389808,112.81995259642332,401.4853865684519,4.78,10586.176,485.1223263664443,17.734699718220675,86.74844751063635,80.165,21743.9,-66.45771724880973,62.07,971.3,47.31,78,10,40,350.98,300,2849.8236355365552,78174.7421355992,74942.18187339822,-480.31791119968153,2768.1979999999994,1855.0,95.77,-46.91495646839593,476.116,36213.6137866226,1272.962201407554,3494.8715784445176,48.46000000000001,135407.237,3779.845341677157,172.26371080033104,1091.2945206279558,489.96500000000015,105.0470588235294,-0.1516717816800386,0.6347058823529412,5.948823529411764,0.2635294117647058,0.2352941176470588,0.2352941176470588,0.0588235294117647,1.543529411764706,1.411764705882353,-60.33505426739973,464.833543311744,391.8565064580165,-2.056337891175505,23.399352941176467,20.429411764705883,0.5447058823529413,-0.2659663025253392,11.545176470588236,196.4599385523416,6.636467799789607,23.61678744520305,0.2811764705882353,622.7162352941177,28.536607433320256,1.0432176304835692,5.102849853566845,4.715588235294118,136.75408805031446,-0.4179730644579228,0.390377358490566,6.108805031446541,0.2975471698113207,0.490566037735849,0.0628930817610062,0.2515723270440251,2.2074213836477985,1.8867924528301887,17.923419091424876,491.6650448779824,471.3344771911838,-3.020867366035733,17.410050314465405,11.666666666666668,0.6023270440251572,-0.2950626192980876,2.994440251572327,227.758577274356,8.006051581179584,21.98032439273281,0.3047798742138365,851.6178427672955,23.77261221180602,1.0834195647819562,6.863487551119219,3.081540880503145,5.161272048950195,2,0,0,0.264,0.491,0.245,0.447,0.333,0.22,0.465,0.314,0.22,0.126,0.73,0.145,0.39,0.22,0.126,0.308,0.421,0.245,0.333,0.333,0.333,0.259,0.108,0.241,0.304,0.272,0.101,0.329,0.196,0.146,0.152,0.063,0.165,0.152,0.114,0.07,0.228,0.12,0.222,0.165,0.241,0.215,7.0,-365.0
O52681_V128F_FES,4,0,0,1,4,0,0,3,0,0,2,0,0,1,1,0,1,0,0,0,12,5,6,5,4,3,18,12,0,13,14,15,6,5,7,5,8,0,9,12,1831.9,-2.811864356168289,12.8,101.15,4.42,3,4,0,27.620000000000005,19,-1004.2331374623363,8135.725791855202,6586.097451891545,-36.94636186820724,408.901,347.70000000000005,9.33,-6.0168671160867575,211.456,3383.345956354128,118.28661926309,393.8064392000308,4.91,10850.439000000002,488.3278819219999,17.084173402431205,88.24528961589952,79.853,21790.0,-66.69116131641735,64.08,971.32,47.24999999999999,77,10,39,352.36,295,2871.28642062001,78408.29769115474,74866.71871550348,-482.3065289179052,2779.3099999999995,1855.4000000000003,95.84000000000002,-48.41039644155191,491.304,36257.14078758692,1278.4288680742206,3487.192631076097,48.59,135671.5,3783.050897232713,171.61318448454156,1092.791362733219,489.6530000000001,107.75882352941176,-0.1654037856569581,0.7529411764705882,5.949999999999999,0.26,0.1764705882352941,0.2352941176470588,0.0,1.6247058823529414,1.1176470588235294,-59.07253749778449,478.5721054032472,387.4174971700909,-2.1733154040121905,24.053,20.452941176470592,0.5488235294117647,-0.3539333597698093,12.43858823529412,199.02035037377223,6.958036427240588,23.165084658825343,0.2888235294117647,638.261117647059,28.725169524823524,1.0049513766136002,5.190899389170561,4.697235294117647,137.0440251572327,-0.4194412661409896,0.4030188679245283,6.108930817610062,0.2971698113207546,0.4842767295597484,0.0628930817610062,0.2452830188679245,2.216100628930817,1.8553459119496856,18.05840516113214,493.1339477431116,470.859866135242,-3.033374395710095,17.479937106918236,11.66918238993711,0.6027672955974844,-0.3044679021481252,3.089962264150943,228.032331997402,8.040433132542269,21.93202912626476,0.3055974842767295,853.2798742138365,23.79277293857052,1.0793282043052927,6.872901652410183,3.0795786163522023,4.673641681671143,2,0,0,0.264,0.484,0.252,0.453,0.327,0.22,0.459,0.321,0.22,0.126,0.73,0.145,0.396,0.214,0.126,0.308,0.415,0.252,0.327,0.333,0.34,0.259,0.108,0.241,0.304,0.285,0.089,0.335,0.19,0.152,0.152,0.063,0.165,0.152,0.114,0.07,0.222,0.127,0.215,0.158,0.234,0.222,7.0,-381.0
