cofactor_id,struct.burial_depth,struct.iron_count,struct.is_rieske,struct.is_hipip,Bar.count.ALA,Bar.count.ARG,Bar.count.ASN,Bar.count.ASP,Bar.count.CYS,Bar.count.GLN,Bar.count.GLU,Bar.count.GLY,Bar.count.HIS,Bar.count.ILE,Bar.count.LEU,Bar.count.LYS,Bar.count.MET,Bar.count.PHE,Bar.count.PRO,Bar.count.SER,Bar.count.THR,Bar.count.TRP,Bar.count.TYR,Bar.count.VAL,Bar.prop.Volume,Bar.prop.Log(Solubility (m at 20ºC)),Bar.prop.Hydrophobicity,Bar.prop.Isoelectric point,Bar.prop.P(helix),Bar.prop.nOats in side chain,Bar.prop.nSats in side chain,Bar.prop.nNats in side chain,Bar.prop.Steric hindrance,Bar.prop.nH-bonds,Bar.prop.Vol / log(solub),Bar.prop.Vol / P(helix),Bar.prop.Vol / P(sheet),Bar.prop.log(Solub) x Flex,Bar.prop.Steric hindrance x Flexibility,Bar.prop.Flexibility,Bar.prop.P(helix)+P(sheet),Bar.prop.log(Solub) x Hydrophobicity,Bar.prop.Hydrophobicity x Flex.,Bar.prop.V / (P(helix)+P(sheet)),Bar.prop.Steric hindrance / P(helix),Bar.prop.Isoelectric point / P(sheet),Bar.prop.P(sheet),Bar.prop.Vol x isoelectric point,Bar.prop.Isoelectric point / P(helix),Bar.prop.P(helix) / P(sheet),Bar.prop.Steric hindrance / P(sheet),Bar.prop.P(helix) x Flex.,Bar.mean.Volume,Bar.mean.Log(Solubility (m at 20ºC)),Bar.mean.Hydrophobicity,Bar.mean.Isoelectric point,Bar.mean.P(helix),Bar.mean.nOats in side chain,Bar.mean.nSats in side chain,Bar.mean.nNats in side chain,Bar.mean.Steric hindrance,Bar.mean.nH-bonds,Bar.mean.Vol / log(solub),Bar.mean.Vol / P(helix),Bar.mean.Vol / P(sheet),Bar.mean.log(Solub) x Flex,Bar.mean.Steric hindrance x Flexibility,Bar.mean.Flexibility,Bar.mean.P(helix)+P(sheet),Bar.mean.log(Solub) x Hydrophobicity,Bar.mean.Hydrophobicity x Flex.,Bar.mean.V / (P(helix)+P(sheet)),Bar.mean.Steric hindrance / P(helix),Bar.mean.Isoelectric point / P(sheet),Bar.mean.P(sheet),Bar.mean.Vol x isoelectric point,Bar.mean.Isoelectric point / P(helix),Bar.mean.P(helix) / P(sheet),Bar.mean.Steric hindrance / P(sheet),Bar.mean.P(helix) x Flex.,pH,Em
P0A3C7_FES,4.727313995361328,2,0,0,6,1,0,6,4,3,4,2,1,2,5,2,0,2,1,4,3,0,3,2,6625.7,-26.94658576849265,19.66,288.66,14.990000000000002,33,4,10,104.76000000000002,113,-2181.433433225863,24209.16785534727,23306.605645736177,-280.8577573556446,1143.2189999999998,707.9,30.15,-13.161294328809088,213.186,11221.948601385837,388.8043125882833,1028.2135387431508,15.159999999999998,38177.656,1112.469162955781,56.00217021792833,344.5996632422832,188.715,129.9156862745098,-0.5283644268331892,0.3854901960784314,5.66,0.293921568627451,0.6470588235294118,0.0784313725490196,0.196078431372549,2.054117647058824,2.215686274509804,-42.77320457305614,474.68956579112296,456.9922675634545,-5.507014850110679,22.416058823529408,13.880392156862746,0.5911764705882353,-0.2580645946825311,4.180117647058824,220.0382078703105,7.623613972319281,20.161049779277462,0.2972549019607843,748.5814901960784,21.813120842270216,1.0980817689789868,6.756856142005553,3.7002941176470574,8.0,-406.0
O52681_V128K_FES,5.17901611328125,2,0,0,5,0,1,2,4,1,1,5,0,1,4,1,3,0,2,1,1,0,1,5,4610.9,-10.26597982846496,24.730000000000004,225.44,10.510000000000002,11,7,3,75.86000000000001,46,-4062.644234114866,18257.37690735764,15728.94985857966,-85.76116710977901,774.4390000000001,606.8000000000001,22.23,-11.194095134508675,280.366,7959.380443345088,292.1199290064655,826.5963931359399,11.72,27435.3,985.593886168728,37.89064314057062,227.2182260379012,146.96800000000002,121.33947368421052,-0.2701573639069726,0.6507894736842106,5.932631578947368,0.2765789473684211,0.2894736842105263,0.1842105263157894,0.0789473684210526,1.9963157894736845,1.2105263157894737,-106.91169037144384,480.4572870357273,413.9197331205173,-2.256872818678395,20.37997368421053,15.96842105263158,0.585,-0.294581450908123,7.378052631578947,209.45738008802863,7.687366552801723,21.752536661472103,0.3084210526315789,721.9815789473683,25.936681214966526,0.997122187909753,5.979427000997399,3.867578947368421,7.0,-398.0
Q8N5K1_FES,5.1802897453308105,2,0,0,3,3,7,2,5,0,2,4,2,4,6,5,0,1,5,2,2,2,2,4,8249.4,-20.94170533205598,28.42,399.58,16.19,21,5,27,136.91,128,5585.778563838661,33035.870945557705,27683.43766259088,-249.20871354405665,1159.679,755.7000000000002,35.23,-21.28278861518978,237.12800000000004,14326.079242516133,554.0581250149635,1412.9080184590553,19.040000000000003,55172.350000000006,1711.1995161184132,56.7047759760397,423.2124473815577,176.01100000000002,135.23606557377047,-0.343306644787803,0.4659016393442622,6.550491803278688,0.2654098360655738,0.3442622950819672,0.081967213114754,0.4426229508196721,2.2444262295081967,2.098360655737705,91.57014039079772,541.5716548452083,453.82684692771926,-4.085388746623879,19.011131147540983,12.388524590163938,0.5775409836065574,-0.3488981740195045,3.887344262295082,234.85375807403497,9.082920082212516,23.16242653211566,0.3121311475409836,904.4647540983608,28.05245108390841,0.9295864914104868,6.937908973468159,2.885426229508197,7.5,-10.0
O52681_FES,5.3061065673828125,2,0,0,5,0,1,2,4,1,2,5,1,2,4,0,3,0,2,1,1,0,1,6,5040.6,-13.182584248917692,28.230000000000008,238.29,11.450000000000005,13,7,4,86.38000000000001,50,-5933.112118857237,19701.61830947404,16930.378430008237,-101.39425440757344,815.6479999999999,621.6,24.35,-11.734266497080494,286.972,8568.54939397024,328.56129805408466,855.6519486914952,12.9,29206.418,1032.643390136982,40.82314503021536,254.41437116261773,152.07800000000003,122.94146341463416,-0.3215264450955534,0.6885365853658538,5.811951219512195,0.2792682926829269,0.3170731707317073,0.1707317073170731,0.0975609756097561,2.106829268292683,1.2195121951219512,-144.7100516794448,480.5272758408303,412.9360592684936,-2.473030595306669,19.89385365853658,15.1609756097561,0.5939024390243903,-0.286201621880012,6.999317073170731,208.98900960903023,8.01369019644109,20.86955972418281,0.3146341463414633,712.3516585365854,25.186424149682484,0.995686464151594,6.205228564941896,3.709219512195123,7.0,-361.0
O52681_V128H_FES,5.20323371887207,2,0,0,5,0,1,2,4,1,1,5,0,1,4,0,3,0,2,1,1,0,1,5,4442.299999999999,-10.493094911054088,25.72000000000001,215.45,10.19,11,7,2,73.97,43,-4804.999158666552,17730.501907357637,15104.505414135216,-86.53335839058204,768.0130000000001,603.4000000000001,21.64,-10.969251202745442,283.732,7673.617731480681,286.21367900646555,789.5963931359399,11.45,25750.986,954.375136168728,36.70545795538543,220.2182260379012,145.88000000000002,120.06216216216214,-0.2835971597582185,0.6951351351351353,5.8229729729729724,0.2754054054054054,0.2972972972972973,0.1891891891891892,0.054054054054054,1.999189189189189,1.162162162162162,-129.86484212612302,479.20275425290913,408.2298760577085,-2.338739415961677,20.75710810810812,16.30810810810811,0.5848648648648649,-0.2964662487228497,7.668432432432431,207.3950738238022,7.735504838012583,21.340443057728105,0.3094594594594594,695.9725945945946,25.79392259915481,0.992039404199606,5.9518439469703015,3.9427027027027033,7.0,-354.0
O52681_V128I_FES,5.0985283851623535,2,0,0,5,0,1,2,4,1,1,5,0,2,4,0,3,0,2,1,1,0,1,5,4609.0,-11.109279545073656,27.520000000000003,221.49,10.49,11,7,2,78.16,43,-5075.534953940385,18286.168574024305,15474.94985857966,-87.95058304882704,777.6500000000001,605.7000000000002,22.39,-12.078383543980662,287.872,7895.884398147349,300.18034567313225,803.0186153581619,11.9,26757.854000000003,974.5084695020612,37.37212462205209,229.52933714901224,146.57000000000002,121.28947368421052,-0.2923494617124646,0.7242105263157895,5.828684210526316,0.2760526315789474,0.2894736842105263,0.1842105263157894,0.0526315789473684,2.056842105263158,1.131578947368421,-133.56670931422067,481.2149624743238,407.2355225942016,-2.3144890276007115,20.464473684210528,15.939473684210531,0.5892105263157895,-0.3178521985258069,7.575578947368421,207.7864315301934,7.899482780871901,21.132068825214787,0.3131578947368421,704.154052631579,25.64495972373845,0.9834769637382128,6.040245714447691,3.8571052631578953,7.0,-375.0
Q9NZ45_FES,5.203970432281494,2,0,0,3,3,4,2,5,0,2,4,5,6,3,4,1,2,5,1,2,2,2,4,8295.2,-21.29657999411083,33.160000000000004,392.7399999999999,15.96,17,6,29,143.78,116,3793.142373131646,33026.928019331885,26853.68940892273,-219.5123248743153,1064.377,677.9000000000001,35.36,-22.70508622394152,267.47,14107.252895332238,575.9614213166152,1344.699418865619,19.4,55283.28800000001,1671.5137974146023,54.1777821820892,428.2539923332576,158.491,138.25333333333336,-0.3549429999018471,0.5526666666666668,6.545666666666665,0.2659999999999999,0.2833333333333333,0.1,0.4833333333333333,2.396333333333333,1.933333333333333,63.2190395521941,550.448800322198,447.56149014871227,-3.658538747905256,17.739616666666667,11.298333333333336,0.5893333333333334,-0.3784181037323587,4.457833333333334,235.12088158887065,9.599357021943586,22.41165698109365,0.3233333333333333,921.3881333333336,27.85856329024337,0.9029630363681532,7.137566538887627,2.641516666666667,7.5,-10.0
P00259_FES,5.08641242980957,2,0,0,6,3,1,2,6,3,3,4,1,5,3,0,2,0,1,5,2,1,2,6,7183.599999999999,-20.2581899321924,32.57,337.21,15.88,23,8,16,122.28,110,2181.588475881136,27063.235242738578,23676.00802175137,-128.8719809870373,1163.2960000000005,792.1,33.82999999999999,-20.31047281875788,340.096,11910.974666398524,455.26952261718935,1169.3913027612057,17.95,43845.936,1362.8985946735872,55.79605320538977,362.9286510022688,194.885,128.2785714285714,-0.3617533916462928,0.5816071428571429,6.021607142857143,0.2835714285714285,0.4107142857142857,0.1428571428571428,0.2857142857142857,2.1835714285714283,1.9642857142857144,38.95693706930599,483.272057906046,422.7858575312745,-2.301285374768523,20.77314285714286,14.144642857142856,0.6041071428571427,-0.3626870146206763,6.073142857142857,212.69597618568795,8.129812903878381,20.881987549307244,0.3205357142857142,782.9631428571429,24.33747490488549,0.9963580929533888,6.480868767897657,3.480089285714286,7.0,-239.0
Q9CQB5_FES,5.509145736694336,2,0,0,3,2,5,2,3,1,1,2,2,3,4,3,0,1,2,2,2,1,1,3,5779.2,-16.00080355202936,18.16,277.4,11.8,17,3,20,96.85,96,2079.4069862228635,22266.521063468124,19548.596361200853,-182.2385030918325,874.3690000000001,538.4,25.120000000000005,-13.29324253776291,141.244,9948.92958863504,376.0551028274559,980.0286487475536,13.320000000000002,38119.4,1125.5506830125214,41.61017728047901,303.6012782376491,131.874,134.4,-0.3721117105123107,0.4223255813953488,6.451162790697674,0.2744186046511628,0.3953488372093023,0.0697674418604651,0.4651162790697674,2.252325581395349,2.232558139534884,48.35830200518287,517.8260712434447,454.6185200279268,-4.238104723065873,20.33416279069768,12.52093023255814,0.584186046511628,-0.3091451752968119,3.2847441860465114,231.3704555496521,8.745467507615254,22.79136392436171,0.3097674418604652,886.4976744186047,26.175597279360964,0.9676785414064886,7.060494842736026,3.0668372093023253,7.5,-10.0
O52681_V128M_FES,5.227012634277344,2,0,0,5,0,1,2,4,1,1,5,0,1,4,0,4,0,2,1,1,0,1,5,4605.2,-10.919063643326368,26.950000000000003,221.16,10.57,11,8,2,76.32,43,-5187.421594066983,18159.18611788395,15613.567914135216,-92.49692064239396,800.9130000000001,617.4000000000001,22.340000000000003,-11.493192743440348,300.952,7906.332017194967,292.39788953278133,807.4401431359399,11.77,26681.145,969.4014519582016,37.89295795538543,227.5619760379012,151.20000000000002,121.18947368421053,-0.2873437800875359,0.7092105263157895,5.82,0.2781578947368421,0.2894736842105263,0.2105263157894736,0.0526315789473684,2.008421052631579,1.131578947368421,-136.51109458071008,477.8733188916829,410.88336616145307,-2.434129490589315,21.076657894736844,16.247368421052634,0.5878947368421054,-0.3024524406168513,7.919789473684211,208.06136887355177,7.694681303494246,21.24842481936684,0.3097368421052631,702.1353947368422,25.51056452521583,0.9971831040890902,5.988473053628978,3.978947368421053,7.0,-412.0
O52681_T81P_FES,5.165476799011231,2,0,0,5,0,1,2,4,1,1,5,0,1,4,0,3,0,3,1,0,0,1,6,4578.9,-9.655127432326582,27.4,222.67,10.380000000000004,10,7,2,77.28,40,-3800.5604902575055,18563.086359942088,15399.190288084796,-86.39213504888083,745.9600000000003,595.5,22.3,-10.555154719059592,284.6039999999999,7893.931281312707,305.91616170894827,806.3265518660986,11.92,26709.986,1002.3124581060498,37.05549797139182,227.14429646607243,144.393,120.49736842105264,-0.2540823008506995,0.7210526315789474,5.859736842105264,0.2731578947368421,0.2631578947368421,0.1842105263157894,0.0526315789473684,2.033684210526316,1.0526315789473684,-100.0147497436186,488.50227263005496,405.241849686442,-2.273477238128443,19.63052631578948,15.671052631578949,0.5868421052631578,-0.2777672294489366,7.489578947368419,207.73503371875543,8.050425308130217,21.219119785949964,0.3136842105263158,702.8943684210526,26.37664363436973,0.9751446834576796,5.977481485949275,3.799815789473685,7.0,-351.0
P27787_FES,4.864181041717529,2,0,0,4,1,0,5,4,4,3,2,2,2,5,2,0,0,1,6,3,1,4,1,6575.599999999999,-26.72175241186838,18.69,289.38,14.210000000000004,33,4,14,102.81,123,-2169.602109829727,24571.947617252023,22772.59230086817,-242.8320123001223,1122.431,699.0000000000001,29.19,-17.17372231891696,204.62800000000004,11216.535989365626,389.7008535935744,1020.3863529366412,14.98,38797.383,1146.4989116330294,52.1102608163377,335.4545752761931,176.827,131.512,-0.5344350482373676,0.3737999999999999,5.7876,0.2842,0.66,0.08,0.28,2.0562,2.46,-43.39204219659454,491.43895234504055,455.4518460173634,-4.856640246002446,22.44862,13.980000000000002,0.5838,-0.3434744463783392,4.092560000000001,224.3307197873125,7.794017071871488,20.407727058732824,0.2996,775.94766,22.929978232660588,1.042205216326754,6.709091505523862,3.53654,7.5,-423.0
O52681_V128L_FES,5.305030822753906,2,0,0,5,0,1,2,4,1,1,5,0,1,5,0,3,0,2,1,1,0,1,5,4609.0,-11.270378439906503,27.42000000000001,221.49,10.58,11,7,2,76.56,43,-5019.46401455526,18157.93780479353,15642.247349619089,-94.30619367910622,793.913,613.4000000000001,22.340000000000003,-12.290633201794554,300.732,7911.760588623538,292.8547046474912,809.0802641036817,11.759999999999998,26757.854000000003,969.8623156559074,37.96352247151445,228.57306474757857,149.78000000000003,121.28947368421052,-0.296588906313329,0.7215789473684213,5.828684210526316,0.2784210526315789,0.2894736842105263,0.1842105263157894,0.0526315789473684,2.0147368421052634,1.131578947368421,-132.09115827777,477.8404685471982,411.6380881478707,-2.481741938923848,20.892447368421053,16.142105263157898,0.5878947368421054,-0.3234377158366988,7.913999999999999,208.20422601640888,7.7067027538813475,21.291585897465307,0.3094736842105263,704.154052631579,25.52269251726072,0.999040065039854,6.015080651252068,3.9415789473684217,7.0,-399.0
O52681_V128Y_FES,4.629488468170166,2,0,0,5,0,1,2,4,1,1,5,0,1,4,0,3,0,2,1,1,0,2,5,4635.9,-13.015973656334426,26.680000000000007,221.11,10.44,12,7,2,76.91000000000001,46,-4881.736893431718,18504.901907357635,15576.700536086437,-105.70723685471263,790.3570000000001,611.0000000000001,22.3,-13.39121479821456,291.028,7966.951064814014,297.97367900646555,803.4012711847204,11.86,26846.762,977.015136168728,37.3152140529464,227.38895774521825,147.78000000000003,121.99736842105264,-0.3425256225351165,0.7021052631578949,5.818684210526316,0.2747368421052631,0.3157894736842105,0.1842105263157894,0.0526315789473684,2.023947368421053,1.2105263157894737,-128.46676035346627,486.9711028252009,409.9131720022747,-2.78176939091349,20.798868421052635,16.078947368421055,0.5868421052631579,-0.352400389426699,7.658631578947367,209.65660696878984,7.841412605433303,21.14213871538738,0.3121052631578947,706.4937368421052,25.71092463601916,0.9819793171828,5.983919940663638,3.8889473684210536,7.0,-347.0
O52681_V128N_FES,5.162646293640137,2,0,0,5,0,2,2,4,1,1,5,0,1,4,0,3,0,2,1,1,0,1,5,4556.4,-11.214341310101258,25.120000000000005,221.97,10.4,12,7,3,75.57,48,-4963.197522153338,18273.835240690973,15623.14177777158,-100.95828637152545,800.0130000000001,623.4000000000001,22.07,-10.53650336331714,271.732,7938.966568689984,293.83272662551315,819.2327567723034,11.669999999999998,26494.918,985.422755216347,37.66000340993088,227.4909533106284,150.08,119.90526315789472,-0.2951142450026647,0.6610526315789474,5.8413157894736845,0.2736842105263158,0.3157894736842105,0.1842105263157894,0.0789473684210526,1.988684210526316,1.263157894736842,-130.61046110929837,480.8904010708151,411.1353099413574,-2.656797009776985,21.05297368421053,16.40526315789474,0.5807894736842105,-0.2772764042978194,7.150842105263157,208.9201728602628,7.7324401743556095,21.55875675716588,0.3071052631578947,697.2346842105263,25.93217776885124,0.9910527213139704,5.986604034490221,3.949473684210527,7.0,-277.0
O52681_A82P_FES,5.127352714538574,2,0,0,4,0,1,2,4,1,1,5,0,1,4,0,3,0,3,1,1,0,1,6,4606.4,-10.01139993273561,27.350000000000005,222.16,10.170000000000002,11,7,2,79.03,43,-5491.149409966964,18904.99112184685,15336.472896780451,-92.2091427790237,756.25,588.4999999999999,22.22,-10.661342785063392,281.884,7961.3077995313315,317.29711408990056,795.3168900303498,12.05,26818.800000000003,1014.4315057250976,35.81274434820342,229.99574574143472,139.143,121.22105263157894,-0.2634578929667266,0.7197368421052633,5.846315789473684,0.2676315789473684,0.2894736842105263,0.1842105263157894,0.0526315789473684,2.079736842105264,1.131578947368421,-144.50393184123587,497.4997663643909,403.5913920205382,-2.4265563889216764,19.901315789473685,15.486842105263156,0.5847368421052631,-0.2805616522385104,7.418,209.5080999876666,8.349924054997382,20.929391842903943,0.3171052631578947,705.7578947368422,26.695565940134145,0.9424406407421952,6.052519624774598,3.6616578947368414,7.0,-408.0
O23344_FES,17.01288414001465,2,0,0,3,0,1,3,4,2,4,3,0,2,8,2,3,0,3,4,3,0,3,3,6704.8,-22.92155160116729,29.41,293.52000000000004,14.570000000000004,27,7,5,108.78000000000002,91,-7364.560728748301,25354.958215863942,22713.88491988546,-228.06495236264163,1117.007,696.3,30.31,-17.886875384059294,315.508,11281.405633531307,419.71831982860624,1017.604055464717,15.740000000000002,38859.363000000005,1217.8091400352316,51.88859394005748,340.4278318642452,178.697,131.46666666666667,-0.4494421882581823,0.5766666666666667,5.755294117647059,0.285686274509804,0.5294117647058824,0.1372549019607843,0.0980392156862745,2.132941176470589,1.7843137254901962,-144.40315154408432,497.1560434483127,445.3702925467737,-4.471861811032189,21.902098039215687,13.652941176470588,0.594313725490196,-0.3507230467462607,6.186431372549019,221.2040320300256,8.229770977031494,19.95302069538661,0.3086274509803922,761.9482941176472,23.87861058892611,1.0174234105893625,6.675055526749906,3.503862745098039,7.5,-281.0
P00221_E142A_FES,4.613131523132324,2,0,0,7,1,0,5,4,2,2,2,0,1,5,2,0,1,1,5,3,1,3,1,5849.6,-20.68373626945516,19.51,266.21,13.340000000000002,27,4,8,90.49,97,-47.625612442357465,21799.51058021499,20436.70365525272,-204.0778501452794,1085.36,693.5999999999999,26.94,-15.620829355270992,231.64,9975.005296336658,341.83794354066424,956.2378622330348,13.6,34479.398,1042.0594407335586,49.70728689160008,298.88475054646494,183.019,127.16521739130437,-0.4496464406403295,0.4241304347826086,5.787173913043477,0.29,0.5869565217391305,0.0869565217391304,0.1739130434782608,1.9671739130434784,2.108695652173913,-1.0353394009208146,473.9024039177172,444.2761664185374,-4.436475003158248,23.594782608695656,15.078260869565216,0.5856521739130435,-0.3395832468537172,5.035652173913044,216.84794122471,7.431259642188353,20.78777961376163,0.2956521739130435,749.5521304347826,22.653466102903447,1.080593193295654,6.497494577097064,3.9786739130434783,7.4,-323.0
Q46136_FES,6.762266159057617,2,1,0,2,0,1,0,4,2,1,4,2,2,4,2,0,1,4,2,1,1,2,2,4865.3,-10.44791486234843,25.24,233.58,9.52,10,4,10,80.11999999999999,59,-2943.0830399439023,20346.725964830373,15763.834118844485,-69.16046073437624,655.7579999999999,489.50000000000006,21.31,-17.29808903553787,260.81800000000004,8418.000250314677,336.4192337319545,814.0605010074653,11.79,30897.617,1076.9182604323782,32.56213237201571,235.44126529028048,108.212,131.4945945945946,-0.2823760773607683,0.6821621621621621,6.312972972972972,0.2572972972972973,0.2702702702702703,0.1081081081081081,0.2702702702702703,2.165405405405405,1.5945945945945943,-79.54278486334871,549.911512562983,426.0495707795807,-1.869201641469628,17.72318918918919,13.229729729729732,0.575945945945946,-0.4675159198794019,7.049135135135137,227.51352027877505,9.092411722485256,22.001635162363925,0.3186486486486486,835.0707297297297,29.105898930604816,0.8800576316761003,6.363277440277851,2.924648648648649,7.0,160.0
Q02762_FES,4.790264129638672,2,1,0,1,2,1,0,4,0,1,7,3,2,2,1,0,1,5,2,1,2,1,3,4954.3,-5.096860717548998,24.3,254.58,9.13,7,4,16,82.93,61,3322.1902111217605,22195.71831322272,16315.52578317393,21.87721629541071,589.039,564.0,21.39,-14.782437398681068,224.09,8967.896078300711,361.9930249407456,931.9045683938016,12.260000000000002,32896.958,1267.5402033505711,31.62025321173424,238.187899676666,106.537,127.03333333333332,-0.1306887363474102,0.6230769230769231,6.527692307692308,0.2341025641025641,0.1794871794871795,0.1025641025641025,0.4102564102564102,2.1264102564102565,1.564102564102564,85.18436438773745,569.1209823903262,418.3468149531777,0.56095426398489,15.103564102564102,14.461538461538462,0.5484615384615384,-0.3790368563764376,5.745897435897435,229.94605328976184,9.281872434378093,23.894988933174403,0.3143589743589744,843.5117435897436,32.50103085514286,0.810775723377801,6.107382042991436,2.731717948717949,7.0,310.0
P59799_FES,5.376213550567627,2,0,0,3,1,1,2,4,3,8,3,1,3,5,3,2,1,2,3,3,0,1,1,6611.000000000001,-21.77427845165451,17.749999999999996,289.02,14.990000000000002,31,6,12,102.01000000000002,112,-2829.865290396637,23783.96162235025,23781.23294086169,-196.2270064632764,999.981,648.3000000000001,29.6,-9.241457886304886,229.73999999999995,11161.878440460248,375.8548525867838,1049.4141160796355,14.610000000000005,38761.476,1147.5309149050986,56.6800342608221,337.4959034761288,169.454,132.22000000000003,-0.4354855690330902,0.3549999999999999,5.780399999999999,0.2998,0.62,0.12,0.24,2.0402000000000005,2.24,-56.59730580793274,475.679232447005,475.6246588172337,-3.924540129265528,19.999620000000004,12.966,0.5920000000000001,-0.1848291577260977,4.594799999999999,223.23756880920493,7.517097051735676,20.98828232159272,0.2922,775.2295200000001,22.95061829810197,1.1336006852164422,6.749918069522575,3.3890800000000003,7.0,-390.0
P0A3C7_A46S_FES,4.848507404327393,2,0,0,5,1,0,6,4,3,3,2,0,2,5,2,0,2,1,5,3,0,3,2,6334.500000000001,-24.903008412783866,19.82,277.47,14.080000000000002,32,4,8,100.24,109,-1952.6996851957967,23546.28425746367,22069.53111157468,-259.65568944371523,1125.9409999999998,702.0000000000001,28.78,-13.977327258473291,211.166,10782.60310623771,377.5183337523045,981.6578451613703,14.7,36537.846000000005,1090.5829195695374,51.99036897569231,326.31777918431214,181.457,129.27551020408166,-0.508224661485385,0.4044897959183673,5.66265306122449,0.2873469387755102,0.6530612244897959,0.0816326530612244,0.1632653061224489,2.045714285714286,2.224489795918368,-39.85101398358769,480.5364134176259,450.398594113769,-5.299095702932964,22.97838775510204,14.3265306122449,0.5873469387755103,-0.2852515767035365,4.309510204081633,220.0531246170961,7.704455790863356,20.033833574721843,0.3,745.6703265306123,22.25679427692933,1.0610279382794348,6.659546513965554,3.703204081632652,8.0,-382.0
P00221_E142Q_FES,4.565268039703369,2,0,0,6,1,0,5,4,3,2,2,0,1,5,2,0,1,1,5,3,1,3,1,5904.8,-21.49098759841833,18.98,265.75,13.28,28,4,9,90.77,102,-642.6188984398926,21988.00264370705,20626.68626394837,-212.8184183476643,1073.552,682.8,26.9,-15.586940551412107,224.47600000000003,10074.435308947,343.1236578263786,952.2726448417308,13.62,34750.522000000004,1043.206266130384,49.32119993507835,299.55953315516064,178.051,128.36521739130436,-0.4671953825743115,0.4126086956521738,5.777173913043479,0.2886956521739131,0.6086956521739131,0.0869565217391304,0.1956521739130435,1.9732608695652167,2.217391304347826,-13.969976053041144,478.0000574718924,448.4062231293124,-4.626487355384007,23.338086956521742,14.843478260869563,0.5847826086956521,-0.3388465337263502,4.879913043478261,219.00946323797828,7.45920995274736,20.7015792356898,0.2960869565217391,755.4461304347827,22.678397089790955,1.0721999985886597,6.512163764242622,3.870673913043478,7.4,-328.0
P37332_FES,4.521425724029541,2,1,0,1,1,0,3,4,1,2,5,2,0,4,3,1,1,3,4,2,1,1,3,5349.9,-11.164160482146988,18.15,258.23,10.79,18,5,12,83.95,81,-318.4608442396873,21963.97243624396,18537.47556641567,-88.09952931441553,816.167,625.1,23.44,-11.220192078659773,215.518,9539.411541498594,343.81334912192506,940.3998554230808,12.65,33684.044,1171.9050315535574,39.00833461079761,263.1133523909873,135.223,127.37857142857142,-0.2658133448130235,0.4321428571428572,6.1483333333333325,0.2569047619047619,0.4285714285714285,0.119047619047619,0.2857142857142857,1.998809523809524,1.9285714285714288,-7.582401053325888,522.9517246724752,441.3684658670397,-2.0976078408194176,19.43254761904761,14.883333333333336,0.5580952380952381,-0.2671474304442802,5.131380952380952,227.12884622615687,8.186032121950596,22.390472748168587,0.3011904761904762,802.0010476190477,27.902500751275177,0.9287698716856574,6.2646036283568405,3.2195952380952386,7.0,-157.0
Q9FIA7_FES,4.698328971862793,2,0,0,2,1,0,2,7,3,4,4,1,4,7,2,0,1,1,6,4,0,2,0,6569.999999999998,-21.218341907263635,28.11,301.4,13.98,27,7,10,104.54,112,-4178.300149138868,25391.704832531304,22370.198362962365,-161.70064695884815,1159.005,773.3,29.62,-21.38822723444888,382.8859999999999,11233.972387068385,402.2479013742252,1059.1340855433948,15.64,39331.954000000005,1281.2972253944313,50.03515469359722,326.5085567053325,177.05500000000004,128.82352941176467,-0.4160459197502673,0.5511764705882353,5.909803921568627,0.2741176470588235,0.5294117647058824,0.1372549019607843,0.196078431372549,2.0498039215686275,2.196078431372549,-81.92745390468367,497.8765653437511,438.6313404502424,-3.1706009207617285,22.72558823529412,15.162745098039217,0.5807843137254901,-0.4193770045970368,7.507568627450978,220.27396837388983,7.887213752435788,20.7673350106548,0.3066666666666667,771.2147843137255,25.123475007733948,0.9810814645803376,6.402128562849657,3.471666666666668,7.5,-152.0
O52396_FES,4.5944437980651855,2,1,0,7,0,0,1,4,3,0,5,2,2,2,2,0,0,5,2,2,1,1,7,5582.700000000001,-4.263732738581964,27.97,288.28000000000003,12.090000000000002,10,4,10,99.51,59,-4106.78484559809,23584.88388098829,18078.72994113141,3.112291597586971,761.713,608.5000000000001,26.94,-11.533774253532348,255.25,9627.417108557487,419.1452736179943,1009.6430596482884,14.85,35382.056000000004,1303.3798273839457,42.100117868042176,284.9073897485425,145.46499999999995,121.36304347826088,-0.0926898421430861,0.6080434782608696,6.266956521739131,0.2628260869565217,0.217391304347826,0.0869565217391304,0.217391304347826,2.1632608695652173,1.2826086956521738,-89.27793142604544,512.7148669780064,393.0158682854654,0.0676585129910211,16.558978260869566,13.22826086956522,0.5856521739130435,-0.2507342229028771,5.548913043478261,209.29167627298884,9.111853774304224,21.94876216626714,0.3228260869565217,769.1751304347827,28.33434407356404,0.9152199536530908,6.193638907577012,3.1622826086956515,7.0,140.0
O80429_FES,4.462464332580566,2,0,0,5,1,1,5,4,3,2,2,1,1,6,2,0,3,1,6,2,1,2,2,6549.299999999999,-22.50163378405125,23.44,291.69,14.34,28,4,12,101.56,107,-974.9884392494369,24217.48827659269,22616.863829261656,-221.49088265226487,1155.5380000000002,724.2,29.32,-17.330054710766362,244.23200000000003,11141.530301703544,378.964207276928,1033.585524189544,14.98,38895.714,1142.9645567286748,52.2588870092068,331.6432015964089,186.04700000000005,130.986,-0.450032675681025,0.4688,5.8338,0.2868,0.56,0.08,0.24,2.0312,2.14,-19.49976878498873,484.3497655318538,452.3372765852331,-4.429817653045298,23.11076000000001,14.484000000000002,0.5863999999999999,-0.3466010942153272,4.884640000000001,222.83060603407088,7.57928414553856,20.67171048379088,0.2996,777.91428,22.859291134573496,1.045177740184136,6.632864031928178,3.7209400000000006,7.5,-406.0
O52681_D79P_FES,5.176973819732666,2,0,0,5,0,1,1,4,1,1,5,0,1,4,0,3,0,3,1,1,0,1,6,4583.9,-8.32003921140334,28.430000000000003,225.32,10.340000000000003,9,7,2,78.71,39,-5086.158639626136,18671.54350279923,15166.1902880848,-58.92421698827645,747.2900000000002,586.4999999999999,22.42,-11.67085467710424,302.864,7850.726602950134,313.9447331375196,807.1321074216543,12.079999999999998,27032.401,1017.1791247727166,36.38883130472516,227.5609631327391,141.703,120.62894736842104,-0.2189484003000879,0.7481578947368422,5.929473684210527,0.2721052631578948,0.2368421052631578,0.1842105263157894,0.0526315789473684,2.071315789473684,1.0263157894736843,-133.84627999016146,491.3564079684008,399.11027073907366,-1.5506372891651696,19.66552631578948,15.434210526315786,0.5900000000000001,-0.3071277546606379,7.970105263157894,206.59806849868767,8.261703503618937,21.24031861635932,0.3178947368421052,711.3789736842105,26.76787170454517,0.9576008238085568,5.988446398229976,3.729026315789474,7.0,-332.0
P27320_FES,4.504823207855225,2,0,0,6,1,0,6,4,3,3,2,1,2,5,2,0,1,1,4,3,0,4,2,6490.999999999999,-27.478064685534907,19.47,285.56,14.520000000000003,32,4,10,103.20000000000002,112,-1898.132946739,24021.04404582345,22620.01630653451,-284.2860727503575,1130.583,699.8000000000001,29.500000000000004,-14.987744693299785,212.062,11016.334689154275,387.0500268739977,1012.3830784460666,14.980000000000002,37769.043000000005,1108.852020098638,53.82245263127877,336.6049814157656,184.933,129.82,-0.5495612937106982,0.3893999999999999,5.7112,0.2904,0.64,0.08,0.2,2.0640000000000005,2.24,-37.96265893478,480.4208809164691,452.4003261306903,-5.68572145500715,22.61166,13.996000000000002,0.5900000000000001,-0.2997548938659957,4.24124,220.3266937830855,7.7410005374799535,20.24766156892133,0.2996,755.3808600000001,22.177040401972764,1.0764490526255754,6.7320996283153125,3.69866,8.0,-412.0
P05340_FES,21.96454429626465,2,0,0,8,2,1,5,7,0,4,8,3,3,3,3,3,2,1,4,3,0,1,8,8483.800000000001,-20.87743900661584,31.48,414.97,19.0,27,10,16,140.36,118,-658.9149597644364,32912.73974941754,29443.900552643376,-147.85300072124392,1412.1560000000002,1076.0,40.05,-14.940947283846372,370.40199999999993,14725.164026323771,526.1810930874827,1523.010678366399,21.05,52046.595,1746.6921022500326,69.70762509799309,430.7573739304739,253.675,122.9536231884058,-0.3025715798060266,0.456231884057971,6.014057971014493,0.2753623188405797,0.391304347826087,0.144927536231884,0.2318840579710145,2.034202898550725,1.710144927536232,-9.54949217049908,476.99622825242807,426.7231964151214,-2.1427971119020857,20.46602898550725,15.594202898550725,0.5804347826086956,-0.2165354678818315,5.368144927536231,213.40817429454745,7.625812943296851,22.07261852704925,0.3050724637681159,754.2984782608696,25.31437829347873,1.0102554362027985,6.242860491745998,3.676449275362319,7.4,-254.0
P00221_FES,4.430877685546875,2,0,0,6,1,1,5,4,2,3,2,1,2,5,2,0,1,1,5,3,1,3,1,6333.4,-24.065454050182257,19.89,283.44,14.12,30,4,11,99.55,109,-1194.28581475483,23584.489416193825,22110.281357743464,-237.3437850438993,1130.9450000000002,710.8,28.67,-15.670953574299997,213.64,10814.767577412038,375.1643985671193,1013.0788497479356,14.550000000000002,37294.616,1114.5313984055165,52.40241205629047,327.2986096342371,185.04700000000005,129.25306122448978,-0.491131715309842,0.4059183673469387,5.784489795918367,0.2881632653061224,0.6122448979591837,0.0816326530612244,0.2244897959183673,2.0316326530612243,2.224489795918368,-24.373179892955715,481.3161105345678,451.2302317906829,-4.84375071518162,23.08051020408164,14.50612244897959,0.5851020408163264,-0.3198153790673468,4.36,220.70954239616404,7.656416297288149,20.6750785662844,0.2969387755102041,761.114612244898,22.74553874296972,1.069436980740622,6.679563461923206,3.776469387755103,7.4,-401.0
O52681_G121P_FES,5.493105888366699,2,0,0,5,0,1,2,4,1,1,4,0,1,4,0,3,0,3,1,1,0,1,6,4634.9,-10.26788551565787,27.660000000000004,222.2,10.46,11,7,2,80.31,43,-5278.291753799262,18653.63581049153,15321.023621418131,-107.90611118992248,779.2900000000002,567.5000000000001,22.590000000000003,-10.57728804649918,287.46399999999994,7882.972634696166,320.3447331375196,781.4154407549876,12.13,26995.339,982.2868170804088,36.77216463805849,235.5609631327391,141.633,121.97105263157894,-0.2702075135699439,0.7278947368421054,5.847368421052632,0.2752631578947369,0.2894736842105263,0.1842105263157894,0.0526315789473684,2.113421052631579,1.131578947368421,-138.90241457366477,490.8851529076721,403.1848321425824,-2.83963450499796,20.50763157894737,14.934210526315791,0.5944736842105264,-0.2783496854341889,7.564842105263156,207.44664828147805,8.430124556250515,20.56356423039441,0.3192105263157894,710.4036578947369,25.8496530810634,0.9676885431068024,6.19897271401945,3.727184210526316,7.0,-383.0
P00221_E142K_FES,4.604642391204834,2,0,0,6,1,1,5,4,2,2,2,0,1,5,3,0,1,1,5,3,1,3,1,6043.7,-21.449011903862285,17.61,276.61,13.450000000000005,28,4,10,92.7,105,209.76769328248668,22658.766532595942,21194.56707202918,-222.6111845685032,1100.7460000000003,699.0,27.31,-15.496980186170138,210.694,10389.809153102677,352.3156221120928,996.3090084780944,13.86,36366.298,1089.7781907335586,50.02093057480899,307.5922604278879,180.747,128.58936170212766,-0.4563619554013252,0.3746808510638297,5.885319148936169,0.2861702127659575,0.5957446808510638,0.0851063829787234,0.2127659574468085,1.972340425531915,2.234042553191489,4.463142410265674,482.1014155871477,450.9482355750889,-4.736408182308579,23.42012765957448,14.872340425531917,0.581063829787234,-0.329722982684471,4.482851063829787,221.05976921495056,7.49607706621474,21.19806401017222,0.2948936170212766,773.7510212765958,23.18677001560763,1.064275118612957,6.544516179316763,3.8456808510638303,7.4,-308.0
P33164_FES,17.749053955078125,2,0,0,2,10,3,2,4,1,4,3,1,2,4,2,2,1,1,8,5,0,1,6,8232.5,-15.917753851146088,13.340000000000002,409.8800000000001,17.46,30,6,38,135.25000000000003,177,23422.84429972793,30424.09801836165,28687.85353088869,-110.8971853966137,1308.0390000000002,811.1,36.38999999999999,-12.375188493442211,183.424,14033.96842599106,505.5392212274024,1469.123786739349,18.930000000000003,56719.68400000001,1590.928933321867,62.84396618314548,433.6781339867615,194.385,132.78225806451613,-0.2567379653410659,0.2151612903225806,6.610967741935486,0.2816129032258064,0.4838709677419355,0.0967741935483871,0.6129032258064516,2.1814516129032264,2.8548387096774195,377.7878112859344,490.71125836067176,462.7073150143336,-1.7886642805905435,21.097403225806456,13.082258064516129,0.5869354838709676,-0.1995998144103582,2.958451612903226,226.35432945146871,8.153858406893587,23.69554494740885,0.3053225806451613,914.833612903226,25.660144085836563,1.013612357792669,6.994808612689701,3.1352419354838714,7.0,-174.0
Q8IED5_FES,4.482292652130127,2,0,0,3,1,1,6,5,2,3,2,2,3,6,2,0,0,1,5,3,0,5,0,6603.299999999999,-31.708540289530955,20.02,287.87,13.85,34,5,12,104.91,124,-2424.6610799981963,25270.184020445784,22810.1745404688,-336.20686717317665,1187.1,719.6999999999999,28.91,-18.80162653513561,230.54200000000003,11384.337405159864,404.6112299193185,1008.4205610127792,15.06,38798.029,1169.6646804448276,50.53062985670581,342.02461536665743,176.997,132.06599999999997,-0.6341708057906191,0.4004,5.7574000000000005,0.277,0.68,0.1,0.24,2.0982000000000003,2.48,-48.49322159996392,505.4036804089157,456.203490809376,-6.724137343463533,23.742,14.393999999999998,0.5782,-0.3760325307027123,4.6108400000000005,227.6867481031973,8.09222459838637,20.168411220255585,0.3011999999999999,775.96058,23.39329360889656,1.0106125971341162,6.8404923073331485,3.53994,7.5,-266.0
D3FQ82_FES,12.914573669433594,2,1,0,3,3,2,6,4,2,4,6,5,2,5,6,1,5,4,3,6,2,2,3,10050.7,-28.274332114892847,26.63,460.66,20.15,35,5,31,160.87,161,52.38262636517379,38763.120055291576,34693.946026896454,-275.49524614053774,1412.542,932.8,42.39,-19.668091471584013,235.062,17475.279018513982,627.3179156664916,1659.1935960688738,22.24,64218.466000000015,1917.394611834388,72.88417566114853,513.0854391938857,220.442,135.82027027027027,-0.3820855691201736,0.3598648648648648,6.225135135135135,0.2722972972972973,0.4729729729729729,0.0675675675675675,0.4189189189189189,2.173918918918919,2.175675675675676,0.7078733292591053,523.8259466931294,468.8371084715737,-3.722908731628889,19.088405405405403,12.605405405405405,0.5728378378378378,-0.2657850198862704,3.176513513513514,236.15241916910787,8.477269130628263,22.421535082011808,0.3005405405405406,867.8171081081083,25.910737997762,0.9849212927182234,6.933587016133591,2.978945945945945,7.0,105.0
P0AE56_FES,4.010603904724121,2,0,0,2,2,2,1,4,2,1,3,0,3,2,4,2,2,1,1,0,0,1,4,5072.400000000001,-12.646806047183894,19.110000000000003,242.85,10.42,10,6,14,81.29000000000002,72,4887.801732736494,18897.71908063271,16786.965376485074,-119.94228210091202,692.0120000000001,473.1,22.26,-14.94337632353816,223.728,8467.562805345282,298.75564878133014,852.4075591959057,11.84,34051.866,967.6267304321636,35.951094934596334,242.0383763886045,112.203,137.09189189189192,-0.3418055688428079,0.5164864864864865,6.563513513513514,0.2816216216216216,0.2702702702702703,0.1621621621621621,0.3783783783783784,2.197027027027028,1.945945945945946,132.10274953341877,510.74916434142455,453.70176693202905,-3.241683300024649,18.70302702702703,12.786486486486488,0.6016216216216216,-0.4038750357713015,6.046702702702703,228.85304879311573,8.074476994090004,23.038042140429884,0.32,920.3207027027028,26.15207379546388,0.9716512144485496,6.541577740232554,3.0325135135135137,7.0,255.0
O04090_FES,4.562589168548584,2,0,0,6,1,0,5,4,2,3,2,1,1,4,2,2,1,1,6,2,0,4,3,6430.399999999999,-24.11208617658984,20.3,288.11999999999995,14.44,30,6,9,101.22,106,-605.4399027380766,23907.126833990456,22198.18349803477,-227.64395337825675,1160.794,730.3000000000001,29.54,-15.204014593951529,241.146,10890.086792089209,380.3414434496248,1015.2589297005468,15.100000000000003,37682.65,1128.4193240422578,52.97897995188443,327.81680370382065,191.891,128.60799999999998,-0.4822417235317967,0.406,5.762399999999999,0.2888,0.6,0.12,0.18,2.0244000000000004,2.12,-12.108798054761532,478.1425366798092,443.9636699606954,-4.552879067565135,23.21588,14.606000000000002,0.5908,-0.3040802918790305,4.82292,217.80173584178416,7.606828868992495,20.30517859401094,0.302,753.653,22.56838648084516,1.0595795990376886,6.556336074076413,3.83782,7.5,-425.0
O52681_L120P_FES,5.269145488739014,2,0,0,5,0,1,2,4,1,1,5,0,2,3,0,3,0,3,1,1,0,1,6,4695.0,-9.579156719953682,27.760000000000005,228.27,10.5,11,7,2,81.91,43,-5220.457094012032,19244.174272030003,15554.392797045371,-80.97293442566112,763.027,598.8000000000001,22.92,-10.36503838868529,274.604,8081.739301362833,327.67037416316066,815.8204586761345,12.419999999999998,27360.146,1033.6252786188702,37.0474334552628,236.5172355341728,143.493,120.3846153846154,-0.2456194030757354,0.7117948717948719,5.853076923076922,0.2692307692307692,0.282051282051282,0.1794871794871795,0.0512820512820512,2.10025641025641,1.1025641025641026,-133.85787420543673,493.4403659494873,398.83058453962497,-2.0762290878374645,19.56479487179488,15.353846153846156,0.5876923076923077,-0.2657702150944946,7.041128205128205,207.22408465032908,8.401804465722067,20.918473299388065,0.3184615384615384,701.5422051282052,26.503212272278724,0.9499341911605844,6.0645445008762255,3.679307692307692,7.0,-427.0
O52681_V128C_FES,5.151181697845459,2,0,0,5,0,1,2,5,1,1,5,0,1,4,0,3,0,2,1,1,0,1,5,4550.799999999999,-11.168812455756392,27.260000000000005,221.8,10.36,11,8,2,75.74000000000001,46,-4965.569208757232,18368.737201475284,15369.13956047668,-103.42629700813973,812.2630000000001,628.4000000000001,22.22,-12.009856221586992,322.232,7860.686696997922,296.625443712348,805.0841980139885,11.86,26439.961000000003,991.7280773451988,37.12009210172688,224.5352992086329,150.13000000000002,119.75789473684208,-0.2939161172567472,0.7173684210526318,5.836842105263157,0.2726315789473684,0.2894736842105263,0.2105263157894736,0.0526315789473684,1.9931578947368425,1.2105263157894737,-130.672873914664,483.3878210914549,404.4510410651758,-2.7217446581089404,21.37534210526316,16.536842105263162,0.5847368421052632,-0.3160488479364998,8.47978947368421,206.86017623678745,7.805932729272314,21.186426263526013,0.3121052631578947,695.7884473684211,26.09810729855786,0.9768445289928128,5.908823663385076,3.9507894736842113,7.0,-359.0
O52681_V128T_FES,5.1522088050842285,2,0,0,5,0,1,2,4,1,1,5,0,1,4,0,3,0,2,1,2,0,1,5,4558.4,-10.578223093514035,25.980000000000004,221.05,10.4,12,7,2,77.0,46,-6168.824823035952,18283.35905021477,15427.005414135216,-87.46976839764149,801.3430000000001,614.4000000000001,22.21,-10.991384530185028,286.592,7877.301942006997,300.64225043503694,805.1519486914956,11.810000000000002,26401.146,981.0418028353946,37.28879128871876,228.63489270456785,148.19000000000003,119.95789473684208,-0.2783742919345798,0.6836842105263159,5.817105263157894,0.2736842105263158,0.3157894736842105,0.1842105263157894,0.0526315789473684,2.026315789473684,1.2105263157894737,-162.3374953430514,481.141027637231,405.9738266877689,-2.3018360104642497,21.087973684210528,16.168421052631583,0.5844736842105264,-0.2892469613206586,7.541894736842105,207.2974195264999,7.911638169343077,21.188209176091988,0.3107894736842105,694.767,25.81688954829986,0.9812839812820724,6.016707702751785,3.899736842105264,7.0,-339.0
O52681_A122P_FES,5.193486213684082,2,0,0,4,0,1,2,4,1,1,5,0,1,4,0,3,0,3,1,1,0,1,6,4606.4,-10.01139993273561,27.350000000000005,222.16,10.170000000000002,11,7,2,79.03,43,-5491.149409966964,18904.99112184685,15336.472896780451,-92.2091427790237,756.25,588.4999999999999,22.22,-10.661342785063392,281.884,7961.3077995313315,317.29711408990056,795.3168900303498,12.05,26818.800000000003,1014.4315057250976,35.81274434820342,229.99574574143472,139.143,121.22105263157894,-0.2634578929667266,0.7197368421052633,5.846315789473684,0.2676315789473684,0.2894736842105263,0.1842105263157894,0.0526315789473684,2.079736842105264,1.131578947368421,-144.50393184123587,497.4997663643909,403.5913920205382,-2.4265563889216764,19.901315789473685,15.486842105263156,0.5847368421052631,-0.2805616522385104,7.418,209.5080999876666,8.349924054997382,20.929391842903943,0.3171052631578947,705.7578947368422,26.695565940134145,0.9424406407421952,6.052519624774598,3.6616578947368414,7.0,-494.0
O52681_V128A_FES,5.149824619293213,2,0,0,6,0,1,2,4,1,1,5,0,1,4,0,3,0,2,1,1,0,1,5,4530.9,-10.221950593105008,26.03000000000001,221.56,10.61,11,7,2,75.25,43,-4478.235903326497,17941.45428831002,15489.722805439564,-81.65276066749863,791.0530000000001,621.4000000000001,22.290000000000003,-10.885196464181227,289.312,7809.925423788373,289.2612980540846,816.1616105272442,11.68,26292.332,968.922755216347,38.53154491190716,225.78344342920548,153.44000000000003,119.23421052631578,-0.2689986998185528,0.6850000000000002,5.830526315789474,0.2792105263157895,0.2894736842105263,0.1842105263157894,0.0526315789473684,1.980263157894737,1.131578947368421,-117.84831324543411,472.1435339028952,407.6242843536728,-2.1487568596710163,20.81718421052632,16.35263157894737,0.5865789473684211,-0.2864525385310849,7.613473684210526,205.5243532575888,7.61213942247591,21.477937119138005,0.3073684210526315,691.9034736842106,25.49796724253545,1.013988023997557,5.94166956392646,4.037894736842106,7.0,-351.0
P16972_FES,4.534070491790772,2,0,0,6,1,0,6,4,3,3,2,1,2,4,2,0,2,1,6,2,0,3,2,6382.499999999999,-23.77916681967076,18.26,285.33000000000004,14.37,32,4,10,100.20000000000002,112,-161.203506973098,23789.35100553042,22423.03037691897,-235.1725749908394,1136.853,728.8000000000001,29.21,-12.643088541590584,196.51,10931.272327367456,377.1204298044006,1019.1741122198534,14.84,37107.572,1119.958173944792,53.58934379703739,329.7567292945105,189.103,127.64999999999998,-0.4755833363934152,0.3652,5.706600000000001,0.2874,0.64,0.08,0.2,2.0040000000000004,2.24,-3.22407013946196,475.7870201106084,448.4606075383794,-4.703451499816788,22.73706,14.576,0.5842,-0.2528617708318117,3.9302,218.6254465473491,7.542408596088012,20.38348224439707,0.2968,742.15144,22.39916347889584,1.0717868759407478,6.59513458589021,3.78206,7.5,-433.0
O52681_V128W_FES,5.119069576263428,2,0,0,5,0,1,2,4,1,1,5,0,1,4,0,3,0,2,1,1,1,1,5,4670.1,-11.680181554411226,27.97000000000001,221.39,10.510000000000002,11,7,3,77.18,44,-4996.897535482392,18442.37690735764,15646.886366516168,-91.04428763533916,780.2110000000001,607.2,22.38,-13.64019615029901,292.282,7981.455569318519,296.24492900646555,803.739250278797,11.87,27104.118,972.937636168728,37.467362717290186,227.8610831807583,147.09600000000003,122.89736842105263,-0.3073731988002954,0.7360526315789475,5.826052631578947,0.2765789473684211,0.2894736842105263,0.1842105263157894,0.0789473684210526,2.031052631578948,1.1578947368421053,-131.49730356532612,485.3257080883589,411.7601675398992,-2.395902306193136,20.53186842105264,15.978947368421052,0.5889473684210526,-0.3589525302710266,7.691631578947368,210.0383044557505,7.795919184380672,21.15103290207361,0.3123684210526316,713.2662631578947,25.60362200444021,0.9859832294023732,5.996344294230481,3.870947368421053,7.0,-328.0
P0A3C8_FES,4.730661392211914,2,0,0,6,1,0,6,4,3,3,2,1,2,5,2,0,2,1,4,3,0,3,2,6487.3,-25.72473701887629,20.3,285.57000000000005,14.570000000000004,31,4,10,103.20000000000002,109,-2068.1624575478536,23879.644045823457,22647.558026688555,-270.96078248375204,1130.583,699.8000000000001,29.520000000000003,-13.943277528563554,218.37,11002.266061703294,385.09002687399766,1013.4992530288652,14.95,37750.00000000001,1105.112020098638,54.00217021792832,337.17109181371177,185.313,129.746,-0.5144947403775258,0.406,5.711400000000001,0.2914000000000001,0.62,0.08,0.2,2.0640000000000005,2.18,-41.363249150957074,477.59288091646914,452.9511605337711,-5.419215649675041,22.61166,13.996000000000002,0.5904,-0.2788655505712711,4.3674,220.04532123406588,7.701800537479953,20.2699850605773,0.299,755.0000000000001,22.102240401972765,1.0800434043585665,6.743421836274235,3.70626,7.0,-405.0
O52681_V128D_FES,5.113470077514648,2,0,0,5,0,1,3,4,1,1,5,0,1,4,0,3,0,2,1,1,0,1,5,4553.4,-11.913311314437276,24.950000000000003,218.4,10.44,13,7,2,75.57,47,-4883.226673667323,18174.90190735764,15660.005414135216,-114.93768645824582,800.0130000000001,623.4000000000001,22.09,-9.875684572140385,268.332,7920.5066203695715,292.6136790064656,804.3463931359397,11.65,26078.731000000003,966.175136168728,37.95545795538543,228.2182260379012,150.88000000000002,119.82631578947368,-0.3135081924851914,0.6565789473684212,5.747368421052631,0.2747368421052631,0.3421052631578947,0.1842105263157894,0.0526315789473684,1.988684210526316,1.236842105263158,-128.5059650965085,478.2868922988852,412.1054056351372,-3.0246759594275217,21.05297368421053,16.40526315789474,0.5813157894736842,-0.2598864361089574,7.061368421052632,208.43438474656767,7.700359973854356,21.167010345682623,0.306578947368421,686.2823947368422,25.42566147812441,0.9988278409311956,6.005742790471083,3.970526315789474,7.0,-335.0
O52681_V128S_FES,5.151085376739502,2,0,0,5,0,1,2,4,1,1,5,0,1,4,0,3,0,2,2,1,0,1,5,4531.299999999999,-9.951515667107506,25.680000000000007,221.15,10.390000000000002,12,7,2,75.28,46,-4640.664943508228,18175.50190735764,15422.36255699236,-72.99387729191753,800.7630000000001,628.4000000000001,22.12,-10.990914372503305,282.732,7859.034398147348,292.7636790064655,809.9535359930828,11.73,26258.286,982.875136168728,37.41974366967114,224.8967974664726,150.88000000000002,119.24473684210524,-0.2618819912396712,0.6757894736842107,5.819736842105264,0.273421052631579,0.3157894736842105,0.1842105263157894,0.0526315789473684,1.981052631578948,1.2105263157894737,-122.12276167126916,478.3026817725694,405.85164623664105,-1.9208915076820403,21.07271052631579,16.536842105263162,0.5821052631578948,-0.2892345887500869,7.440315789473684,206.8166946880881,7.704307342275408,21.31456673666008,0.3086842105263158,691.0075263157895,25.865135162334948,0.9847300965702932,5.91833677543349,3.970526315789474,7.0,-328.0
Q9HH83_FES,5.140109062194824,2,1,0,5,2,0,3,4,1,2,3,2,1,7,3,1,2,4,1,1,0,2,4,6449.6,-16.923839143879956,27.58,300.94,13.86,15,5,14,105.42000000000002,78,3616.542190692984,24395.91705366357,21724.946506249464,-195.22145698179668,918.615,584.5,28.76,-16.65834459614632,304.554,10805.13788083073,407.9748016046275,1050.8030304766448,14.9,41266.079000000005,1218.5539194249454,49.304717211621,329.2649220085282,155.846,134.36666666666667,-0.3525799821641657,0.5745833333333333,6.269583333333333,0.28875,0.3125,0.1041666666666666,0.2916666666666667,2.1962500000000005,1.625,75.3446289727705,508.24827195132434,452.6030522135305,-4.067113687120764,19.1378125,12.177083333333334,0.5991666666666666,-0.3470488457530483,6.344874999999999,225.1070391839736,8.49947503342974,21.891729801596767,0.3104166666666666,859.7099791666668,25.38653998801969,1.0271816085754375,6.859685875177671,3.2467916666666667,6.5,155.0
Q9ZQG8_FES,5.63347864151001,2,0,0,5,1,0,4,4,2,4,3,2,1,6,1,0,1,1,4,4,0,4,2,6335.599999999999,-26.091523874425377,21.56,280.36000000000007,14.040000000000004,30,4,10,101.25,106,-4127.577979995439,23778.83750329192,21984.332914206097,-228.52787417931933,1102.466,701.8000000000001,28.75,-16.676100267645335,253.392,10787.406529938831,382.8541146843354,999.1493510701232,14.71,36696.154,1128.3426514580194,51.8125783390342,326.6553963849324,178.981,129.29795918367344,-0.5324800790699057,0.44,5.721632653061226,0.286530612244898,0.6122448979591837,0.0816326530612244,0.2040816326530612,2.066326530612245,2.163265306122449,-84.23628530602936,485.2823980263656,448.6598553919612,-4.663834166924885,22.49930612244897,14.322448979591838,0.586734693877551,-0.3403285768907211,5.171265306122448,220.15115367222103,7.813349279272151,20.390803083063737,0.300204081632653,748.9011020408163,23.02740105016366,1.0573995579394737,6.666436660916987,3.652673469387755,7.5,-337.0
O85673_FES,4.229824542999268,2,0,0,4,4,1,0,3,0,1,3,2,0,3,5,0,2,2,0,3,1,1,4,5390.700000000001,-7.99613130136324,14.88,275.14000000000004,11.1,7,3,23,87.28999999999999,80,10462.385040082676,20215.22645622352,18032.98542680336,-59.13695288929487,674.93,438.9,23.32,-14.871994289759249,203.88800000000003,9040.402572693589,332.4858364456894,978.6325773842248,12.22,39202.746,1080.3856392599776,39.03231093686263,268.55357632818794,110.03,138.22307692307697,-0.2050290077272625,0.3815384615384615,7.054871794871796,0.2846153846153846,0.1794871794871795,0.0769230769230769,0.5897435897435898,2.238205128205128,2.051282051282051,268.266283079043,518.3391399031672,462.38424171290666,-1.5163321253665352,17.305897435897435,11.253846153846156,0.597948717948718,-0.3813331869169038,5.227897435897437,231.80519417163043,8.52527785758178,25.09314300985192,0.3133333333333333,1005.1986153846152,27.70219587846096,1.0008284855605802,6.885989136620204,2.821282051282051,7.0,-86.0
O52681_V128R_FES,5.181579113006592,2,0,0,5,1,1,2,4,1,1,5,0,1,4,0,3,0,2,1,1,0,1,5,4615.699999999999,-10.441942388606703,24.71,226.19,10.55,11,7,5,76.31,50,-1415.1370032201617,18212.168574024305,15798.105414135218,-86.29805678732407,778.777,608.0000000000001,22.25,-11.020915250417298,279.086,7957.880026562649,292.71367900646555,832.55639313594,11.7,27613.302000000003,984.2084695020612,38.145457955385424,229.57822603790112,147.53600000000003,121.46578947368418,-0.2747879575949133,0.6502631578947369,5.952368421052632,0.2776315789473684,0.2894736842105263,0.1842105263157894,0.131578947368421,2.008157894736842,1.3157894736842106,-37.24044745316215,479.2675940532712,415.7396161614531,-2.271001494403265,20.49413157894737,16.000000000000004,0.5855263157894737,-0.2900240855372973,7.344368421052632,209.4178954358592,7.702991552801725,21.909378766735266,0.3078947368421052,726.6658421052632,25.90022288163319,1.0038278409311954,6.041532264155292,3.8825263157894745,7.0,-328.0
O52681_V128E_FES,5.042765140533447,2,0,0,5,0,1,2,4,1,2,5,0,1,4,0,3,0,2,1,1,0,1,5,4580.699999999999,-11.714943660670446,25.080000000000005,218.54,10.61,13,7,2,75.53,47,-4918.2701343445615,18060.02571688145,15763.553033182838,-96.43033326247452,780.6490000000001,611.5000000000001,22.270000000000003,-10.187268002990974,278.548,7893.300271163222,289.9279647207512,804.3106788502255,11.66,26178.642000000003,961.7322790258708,38.70545795538543,227.6467974664726,149.28200000000004,120.54473684210524,-0.3082879910702749,0.6600000000000001,5.751052631578947,0.2792105263157895,0.3421052631578947,0.1842105263157894,0.0526315789473684,1.9876315789473684,1.236842105263158,-129.42816143012004,475.263834654775,414.8303429784957,-2.537640349012488,20.543394736842107,16.092105263157897,0.5860526315789475,-0.2680860000787098,7.330210526315789,207.71842818850584,7.629683282125032,21.16607049605857,0.3068421052631579,688.9116315789474,25.30874418489134,1.0185646830364583,5.990705196486121,3.9284736842105272,7.0,-399.0
P0A3C9_FES,4.495858669281006,2,0,0,5,1,1,5,4,4,4,2,0,2,5,1,0,3,1,4,3,0,2,3,6498.4,-25.277523103088143,22.21,280.12,14.62,32,4,9,103.83,110,-3957.3045672412186,23779.42936328378,22637.86951282541,-261.3201036434492,1121.6430000000005,691.9000000000001,29.71,-12.813443015657114,222.132,10955.44581949243,385.9613430115637,989.9032405233894,15.09,36826.302,1091.7196722150402,53.966181525579664,335.63641277335284,181.753,129.968,-0.5055504620617629,0.4441999999999999,5.6024,0.2924,0.64,0.08,0.18,2.0766,2.2,-79.14609134482437,475.5885872656756,452.7573902565082,-5.226402072868983,22.432860000000005,13.838,0.5942000000000001,-0.2562688603131423,4.44264,219.1089163898486,7.719226860231275,19.79806481046779,0.3018,736.5260400000001,21.834393444300805,1.0793236305115932,6.712728255467057,3.63506,7.5,-372.0
Q9X1D7_FES,5.190359592437744,2,0,0,0,2,1,0,5,1,1,5,1,0,3,1,1,2,0,6,1,0,2,6,4828.0,-11.420819261654149,22.53,238.93000000000004,9.48,13,6,11,77.92,76,1622.0322011020726,19692.39241697129,15611.779964828898,-15.59159671730946,815.29,626.1,21.84,-18.706498501005942,290.53799999999995,8366.173730958548,302.2172287036725,840.4362630842035,12.359999999999998,30886.563,1069.7046475367024,31.7015578847286,221.863615724116,125.04,127.05263157894736,-0.3005478753066881,0.5928947368421053,6.287631578947369,0.2494736842105263,0.3421052631578947,0.1578947368421052,0.2894736842105263,2.0505263157894738,2.0,42.68505792373875,518.2208530781918,410.8363148639184,-0.4103051767713015,21.455,16.476315789473684,0.5747368421052631,-0.4922762763422617,7.645736842105262,220.16246660417232,7.953084965886118,22.116743765373776,0.3252631578947367,812.8042894736842,28.15012230359743,0.8342515232823314,5.83851620326621,3.290526315789473,6.5,233.0
O52681_V128G_FES,5.146583557128906,2,0,0,5,0,1,2,4,1,1,6,0,1,4,0,3,0,2,1,1,0,1,5,4502.4,-9.965465010182749,25.72000000000001,221.52,10.32,11,7,2,73.97,43,-4691.093559494197,18192.80959966533,15505.172080801884,-65.95579225659985,768.0130000000001,642.4000000000001,21.92,-10.969251202745442,283.732,7888.26058862354,286.21367900646555,830.0630598026066,11.599999999999998,26115.793,1001.0674438610356,37.57212462205209,220.2182260379012,150.95000000000002,118.48421052631578,-0.2622490792153354,0.676842105263158,5.829473684210526,0.2715789473684211,0.2894736842105263,0.1842105263157894,0.0526315789473684,1.946578947368421,1.131578947368421,-123.44983051300515,478.75814735961393,408.0308442316285,-1.735678743594733,20.21086842105264,16.90526315789474,0.5768421052631579,-0.2886645053354064,7.466631578947368,207.5858049637773,7.531938921222777,21.843764731647543,0.3052631578947368,687.2577105263158,26.3438801016062,0.9887401216329496,5.7952164746816095,3.972368421052632,7.0,-334.0
O52681_V128P_FES,5.104732513427734,2,0,0,5,0,1,2,4,1,1,5,0,1,4,0,3,0,3,1,1,0,1,5,4555.0,-9.440093340653776,26.440000000000005,222.25,10.320000000000002,11,7,2,76.64,43,-4697.971777921854,18597.42498428071,15435.97600237051,-86.42805823354202,768.2800000000002,603.5,22.11,-10.21109007205722,283.804,7913.404965523234,306.75214054492704,809.5963931359399,11.79,26517.346,1006.6828284764202,37.08781089656189,228.0711672143717,145.893,119.86842105263158,-0.248423508964573,0.6957894736842106,5.848684210526316,0.2715789473684211,0.2894736842105263,0.1842105263157894,0.0526315789473684,2.0168421052631578,1.131578947368421,-123.6308362611014,489.4059206389661,406.209894799224,-2.274422585093211,20.217894736842112,15.88157894736842,0.5818421052631578,-0.2687128966330847,7.468526315789473,208.24749909271668,8.072424751182291,21.30516824041948,0.3102631578947368,697.8248947368421,26.49165338095843,0.975995023593734,6.001872821430835,3.8392894736842105,7.0,-378.0
P10109_FES,16.615535736083984,2,0,0,3,1,1,6,5,1,3,4,1,4,8,0,1,1,1,3,3,0,1,5,6689.799999999999,-25.87883634191149,32.65,292.25000000000006,14.550000000000002,27,6,7,115.21,92,-6817.882450372541,25251.412817866687,22635.556630816296,-273.7508654604895,1165.519,757.4000000000001,30.840000000000003,-16.151357497198738,298.314,11325.005398435467,428.4472139499077,1017.770101321228,16.29,38012.22900000001,1205.3913594821647,51.60086842480501,352.3282392411455,183.61300000000003,128.64999999999998,-0.4976699296521441,0.6278846153846154,5.620192307692308,0.2798076923076923,0.5192307692307693,0.1153846153846153,0.1346153846153846,2.215576923076924,1.7692307692307692,-131.1131240456258,485.6040926512824,435.2991659772365,-5.264439720394028,22.41382692307692,14.565384615384618,0.5930769230769232,-0.3106030287922834,5.736807692307692,217.78856535452823,8.239369499036686,19.57250194848516,0.3132692307692307,731.004403846154,23.180603066964707,0.9923243927847116,6.775543062329722,3.5310192307692314,7.0,-448.0
O52681_V128Q_FES,5.161272048950195,2,0,0,5,0,1,2,4,2,1,5,0,1,4,0,3,0,2,1,1,0,1,5,4586.1,-11.02920192206818,25.500000000000007,221.1,10.55,12,7,3,75.53,48,-5073.229189324033,18129.94635180208,15679.705414135216,-90.3933288698835,779.2450000000001,610.6,22.250000000000004,-10.85130766032234,282.148,7909.355436398715,290.54701233979887,812.1963931359398,11.7,26563.456,970.0695806131724,38.145457955385424,226.4582260379012,148.47200000000004,120.68684210526315,-0.2902421558438994,0.6710526315789476,5.818421052631579,0.2776315789473684,0.3157894736842105,0.1842105263157894,0.0789473684210526,1.9876315789473684,1.263157894736842,-133.50603129800086,477.1038513632127,412.6238266877688,-2.3787718123653554,20.506447368421057,16.068421052631578,0.5855263157894738,-0.2855607279032195,7.424947368421051,208.1409325368083,7.645974008942075,21.373589293051047,0.3078947368421052,699.0383157894737,25.52814685824137,1.0038278409311954,5.959427000997399,3.907157894736843,7.0,-365.0
O52681_V128F_FES,4.673641681671143,2,0,0,5,0,1,2,4,1,0,5,0,1,4,0,3,1,2,1,1,0,1,5,4493.8,-10.040797240059453,28.15000000000001,218.03,10.07,9,7,2,75.35,39,-4938.4954285625645,18033.978097833828,14945.19463719286,-82.48497171621466,777.721,602.9000000000001,21.69,-13.1287308332328,302.52,7733.199897680494,292.29939329217984,789.8031600532329,11.62,26400.063,965.9179933115852,35.49493163959595,220.52649671459287,144.75800000000004,121.45405405405404,-0.2713728983799852,0.7608108108108109,5.892702702702702,0.2721621621621621,0.2432432432432432,0.1891891891891892,0.054054054054054,2.0364864864864862,1.054054054054054,-133.47284942060986,487.4048134549683,403.92417938359085,-2.229323559897693,21.019486486486485,16.294594594594596,0.5862162162162162,-0.3548305630603459,8.176216216216215,209.00540264001336,7.899983602491347,21.34603135279008,0.314054054054054,713.5152162162162,26.10589171112392,0.9593224767458364,5.960175586880888,3.912378378378379,7.0,-381.0
